0.0 -0.0 0.0
0.0 0.0 0.0

2.7067e-05 -0.00430779 0.0
0.0106 -5.42974e-06 0.00491561

0.000108264 -0.00861491 0.0
0.0210696 -2.836e-05 0.00998306

0.000243578 -0.0129207 0.0
0.03141 -7.70941e-05 0.015187

0.000432987 -0.0172244 0.0
0.0416229 -0.000159221 0.0205127

0.000676463 -0.0215254 0.0
0.0517102 -0.000282066 0.0259458

0.000973964 -0.025823 0.0
0.061675 -0.00045363 0.0314703

0.00132545 -0.0301165 0.0
0.0715195 -0.000679326 0.0370738

0.00173085 -0.0344052 0.0
0.0812471 -0.000965892 0.0427416

0.00219012 -0.0386885 0.0
0.0908614 -0.00131969 0.048459

0.00270319 -0.042966 0.0
0.100363 -0.00174123 0.0542202

0.00326993 -0.047236 0.0
0.109762 -0.00224711 0.0599931

0.00389032 -0.0514992 0.0
0.119054 -0.00282719 0.0657883

0.00456423 -0.0557542 0.0
0.128246 -0.00349175 0.0715828

0.00529156 -0.0600003 0.0
0.137342 -0.00424442 0.0773639

0.00607216 -0.0642368 0.0
0.146345 -0.0050894 0.0831172

0.00690594 -0.068463 0.0
0.155259 -0.006027 0.0888344

0.00779275 -0.0726785 0.0
0.164085 -0.0070581 0.0945059

0.0087325 -0.0768827 0.0
0.172826 -0.00818216 0.100124

0.00972497 -0.0810746 0.0
0.181486 -0.00940388 0.105671

0.0107701 -0.0852543 0.0
0.190062 -0.0107154 0.111153

0.0118676 -0.0894194 0.0
0.19857 -0.0121318 0.116529

0.0130174 -0.0935714 0.0
0.206995 -0.0136334 0.121828

0.0142193 -0.0977084 0.0
0.215348 -0.0152295 0.127021

0.015473 -0.10183 0.0
0.223632 -0.01692 0.132094

0.0167784 -0.105935 0.0
0.231843 -0.0186967 0.137053

0.0181354 -0.110024 0.0
0.239984 -0.0205579 0.141888

0.0195436 -0.114095 0.0
0.248057 -0.0225022 0.146589

0.0210029 -0.118148 0.0
0.256059 -0.0245228 0.151158

0.0225129 -0.122182 0.0
0.263997 -0.026623 0.155572

0.0240736 -0.126198 0.0
0.271861 -0.0287881 0.159851

0.0256844 -0.130192 0.0
0.279667 -0.0310281 0.163953

0.0273455 -0.134168 0.0
0.287394 -0.0333206 0.167921

0.0290565 -0.138122 0.0
0.295054 -0.0356712 0.171725

0.0308167 -0.142053 0.0
0.30265 -0.0380762 0.175353

0.0326265 -0.145962 0.0
0.31017 -0.0405236 0.178827

0.0344852 -0.149849 0.0
0.317619 -0.0430101 0.182135

0.0363925 -0.153712 0.0
0.324999 -0.0455331 0.185267

0.0383483 -0.15755 0.0
0.332304 -0.0480848 0.18823

0.0403519 -0.161363 0.0
0.339539 -0.0506608 0.191015

0.0424038 -0.165152 0.0
0.346689 -0.0532501 0.19365

0.0445025 -0.168912 0.0
0.353775 -0.055856 0.196088

0.0466489 -0.172649 0.0
0.360772 -0.0584631 0.198383

0.0488417 -0.176357 0.0
0.367695 -0.0610729 0.200497

0.0510809 -0.180036 0.0
0.374541 -0.0636786 0.202438

0.0533663 -0.183688 0.0
0.381302 -0.0662728 0.204223

0.0556975 -0.187311 0.0
0.387979 -0.0688507 0.20585

0.0580737 -0.190903 0.0
0.394576 -0.0714086 0.207307

0.0604951 -0.194466 0.0
0.401087 -0.0739411 0.208615

0.062961 -0.197998 0.0
0.407513 -0.0764424 0.209766

0.0654716 -0.201501 0.0
0.413845 -0.0789092 0.210788

0.0680253 -0.204969 0.0
0.420099 -0.0813359 0.211638

0.0706228 -0.208406 0.0
0.426259 -0.0837221 0.212361

0.0732631 -0.21181 0.0
0.432333 -0.0860607 0.212939

0.0759457 -0.21518 0.0
0.438318 -0.0883496 0.213379

0.0786709 -0.218517 0.0
0.444208 -0.0905851 0.213702

0.081438 -0.22182 0.0
0.450007 -0.0927639 0.213904

0.0842456 -0.225085 0.0
0.45572 -0.094882 0.213967

0.0870946 -0.228317 0.0
0.461336 -0.0969408 0.213931

0.0899836 -0.231512 0.0
0.466863 -0.0989333 0.213774

0.0929133 -0.234672 0.0
0.472292 -0.100865 0.21353

0.0958813 -0.237792 0.0
0.477636 -0.102721 0.213157

0.0988891 -0.240877 0.0
0.482883 -0.104515 0.212709

0.101935 -0.243923 0.0
0.488038 -0.106234 0.212164

0.105019 -0.246931 0.0
0.4931 -0.107882 0.211532

0.108142 -0.249901 0.0
0.498067 -0.10946 0.210828

0.111301 -0.25283 0.0
0.502946 -0.110965 0.210037

0.114495 -0.255717 0.0
0.507737 -0.112393 0.209156

0.117727 -0.258567 0.0
0.512433 -0.113754 0.208224

0.120993 -0.261374 0.0
0.517038 -0.115035 0.207222

0.124296 -0.264143 0.0
0.52155 -0.116252 0.206175

0.127632 -0.266865 0.0
0.525979 -0.117381 0.205043

0.131003 -0.269549 0.0
0.530314 -0.11845 0.203884

0.134406 -0.27219 0.0
0.534562 -0.119441 0.202668

0.137843 -0.274787 0.0
0.538724 -0.120361 0.201404

0.141312 -0.277341 0.0
0.542798 -0.121214 0.200105

0.144813 -0.279851 0.0
0.546787 -0.121996 0.198766

0.148345 -0.282316 0.0
0.550692 -0.122702 0.197384

0.151909 -0.284739 0.0
0.554511 -0.123351 0.195989

0.155502 -0.287116 0.0
0.558244 -0.123923 0.194562

0.159125 -0.289448 0.0
0.5619 -0.124444 0.193109

0.162775 -0.29173 0.0
0.565478 -0.124886 0.191613

0.166456 -0.293971 0.0
0.568974 -0.125283 0.190119

0.170164 -0.296163 0.0
0.572389 -0.125609 0.188603

0.173899 -0.298309 0.0
0.575728 -0.125877 0.187073

0.177661 -0.300409 0.0
0.578992 -0.12609 0.185531

0.181449 -0.30246 0.0
0.582179 -0.126246 0.183982

0.185262 -0.304464 0.0
0.585291 -0.12634 0.182421

0.189101 -0.30642 0.0
0.588333 -0.126397 0.18086

0.192964 -0.308327 0.0
0.591301 -0.126389 0.179291

0.19685 -0.310186 0.0
0.594205 -0.126347 0.177718

0.200759 -0.311994 0.0
0.597034 -0.126235 0.176139

0.204692 -0.313757 0.0
0.599796 -0.126098 0.174578

0.208645 -0.315468 0.0
0.602491 -0.125905 0.173013

0.21262 -0.317128 0.0
0.605123 -0.125672 0.171444

0.216615 -0.318739 0.0
0.607693 -0.125404 0.169882

0.22063 -0.3203 0.0
0.6102 -0.125095 0.168324

0.224664 -0.321809 0.0
0.612644 -0.124741 0.16677

0.228718 -0.323269 0.0
0.615029 -0.124364 0.165235

0.232789 -0.324677 0.0
0.617354 -0.123938 0.1637

0.236878 -0.326034 0.0
0.619625 -0.123493 0.162176

0.240982 -0.327338 0.0
0.621832 -0.122995 0.160664

0.245105 -0.328594 0.0
0.623989 -0.122489 0.159171

0.249241 -0.329795 0.0
0.626092 -0.121941 0.157677

0.253392 -0.330944 0.0
0.628144 -0.121369 0.156192

0.257558 -0.332042 0.0
0.630144 -0.120774 0.154728

0.261738 -0.333088 0.0
0.632092 -0.120152 0.153276

0.265929 -0.334079 0.0
0.633989 -0.1195 0.151837

0.270134 -0.33502 0.0
0.635843 -0.11884 0.150409

0.274349 -0.335906 0.0
0.637646 -0.118143 0.148997

0.278576 -0.33674 0.0
0.639411 -0.117444 0.147589

0.282811 -0.337519 0.0
0.641123 -0.116705 0.146202

0.287059 -0.338249 0.0
0.642796 -0.11597 0.144835

0.291313 -0.338921 0.0
0.644426 -0.115201 0.143472

0.295575 -0.339541 0.0
0.646014 -0.11442 0.142125

0.299847 -0.340109 0.0
0.64756 -0.113628 0.140803

0.304125 -0.340623 0.0
0.649064 -0.112817 0.139496

0.308407 -0.341081 0.0
0.650533 -0.111989 0.138193

0.312697 -0.341487 0.0
0.651969 -0.111165 0.136901

0.316989 -0.341838 0.0
0.653364 -0.110314 0.135629

0.321288 -0.342136 0.0
0.654728 -0.109468 0.134365

0.325588 -0.342379 0.0
0.656049 -0.108593 0.133125

0.329893 -0.34257 0.0
0.657344 -0.107729 0.131892

0.334197 -0.342704 0.0
0.658602 -0.106839 0.130673

0.338504 -0.342785 0.0
0.65983 -0.105948 0.129464

0.342813 -0.342813 0.0
0.661028 -0.105057 0.128273

0.347121 -0.342786 0.0
0.662193 -0.104153 0.127094

0.351426 -0.342703 0.0
0.663329 -0.103236 0.125922

0.355733 -0.342569 0.0
0.66444 -0.10233 0.124765

0.360036 -0.342379 0.0
0.665514 -0.101403 0.12363

0.364339 -0.342137 0.0
0.666566 -0.100484 0.122502

0.368636 -0.341839 0.0
0.667587 -0.0995465 0.121389

0.37293 -0.341488 0.0
0.668592 -0.0986258 0.120273

0.377217 -0.341081 0.0
0.669567 -0.0976888 0.119167

0.3815 -0.340621 0.0
0.670518 -0.0967536 0.118077

0.385779 -0.34011 0.0
0.671444 -0.0958233 0.117006

0.390049 -0.339542 0.0
0.672346 -0.0948807 0.115935

0.39431 -0.338921 0.0
0.673223 -0.093933 0.114879

0.398567 -0.338249 0.0
0.674082 -0.0929994 0.113832

0.402812 -0.33752 0.0
0.674916 -0.0920528 0.112798

0.40705 -0.336741 0.0
0.675734 -0.0911165 0.111764

0.411274 -0.335905 0.0
0.676525 -0.0901656 0.110743

0.415492 -0.33502 0.0
0.677302 -0.0892305 0.10973

0.419695 -0.334079 0.0
0.678052 -0.0882816 0.108731

0.423887 -0.333087 0.0
0.678783 -0.0873381 0.107744

0.428069 -0.332044 0.0
0.679497 -0.0864015 0.106766

0.432233 -0.330945 0.0
0.680198 -0.0854597 0.105774

0.436382 -0.329794 0.0
0.680879 -0.0845193 0.104795

0.440521 -0.328594 0.0
0.681547 -0.0835943 0.103823

0.444642 -0.327339 0.0
0.682189 -0.0826573 0.102872

0.448748 -0.326034 0.0
0.682822 -0.0817272 0.101908

0.452834 -0.324676 0.0
0.683431 -0.0807916 0.100965

0.456908 -0.32327 0.0
0.684029 -0.0798702 0.100026

0.46096 -0.32181 0.0
0.684608 -0.0789417 0.099092

0.464995 -0.3203 0.0
0.685175 -0.0780201 0.0981605

0.469011 -0.318739 0.0
0.68573 -0.0771048 0.0972291

0.473005 -0.317127 0.0
0.686265 -0.0761815 0.0963048

0.476979 -0.315466 0.0
0.686784 -0.0752638 0.0953941

0.480937 -0.313758 0.0
0.687294 -0.0743618 0.0944862

0.484866 -0.311996 0.0
0.687785 -0.0734497 0.0935845

0.488776 -0.310187 0.0
0.688271 -0.0725474 0.0926664

0.49266 -0.308326 0.0
0.688741 -0.0716477 0.0917594

0.496525 -0.30642 0.0
0.689203 -0.0707597 0.0908526

0.500362 -0.304464 0.0
0.689646 -0.0698678 0.0899569

0.504175 -0.30246 0.0
0.690078 -0.0689767 0.0890571

0.507964 -0.300409 0.0
0.690499 -0.0680981 0.0881635

0.511725 -0.298309 0.0
0.690904 -0.0672108 0.0872757

0.51546 -0.296163 0.0
0.691296 -0.0663334 0.0863978

0.519172 -0.293972 0.0
0.691686 -0.0654704 0.0855048

0.522847 -0.29173 0.0
0.692056 -0.0645926 0.0846183

0.526501 -0.289446 0.0
0.69242 -0.0637264 0.0837265

0.530122 -0.287114 0.0
0.692768 -0.0628654 0.082852

0.533718 -0.284739 0.0
0.69311 -0.0620153 0.0819706

0.53728 -0.282317 0.0
0.693439 -0.0611608 0.0810898

0.540811 -0.279851 0.0
0.693757 -0.0603099 0.0802079

0.544314 -0.277341 0.0
0.694071 -0.0594734 0.07932

0.547781 -0.274787 0.0
0.69437 -0.0586289 0.0784348

0.551217 -0.272189 0.0
0.694658 -0.0577965 0.0775576

0.554624 -0.26955 0.0
0.694941 -0.0569685 0.0766665

0.55799 -0.266865 0.0
0.695206 -0.0561334 0.0757895

0.561329 -0.264141 0.0
0.695466 -0.0553094 0.0749053

0.564631 -0.261375 0.0
0.695711 -0.0544939 0.0740349

0.567901 -0.258568 0.0
0.695952 -0.0536814 0.0731517

0.571129 -0.255718 0.0
0.696181 -0.0528621 0.0722601

0.574324 -0.252828 0.0
0.696402 -0.0520516 0.0713714

0.577485 -0.2499 0.0
0.696615 -0.0512554 0.0704807

0.580606 -0.246931 0.0
0.696818 -0.0504548 0.0695907

0.583688 -0.243923 0.0
0.69701 -0.0496604 0.0686998

0.586739 -0.240878 0.0
0.697197 -0.0488724 0.0677978

0.589742 -0.237792 0.0
0.697367 -0.0480797 0.066906

0.592713 -0.234671 0.0
0.697537 -0.0472967 0.0659958

0.595641 -0.231512 0.0
0.697694 -0.0465245 0.0650957

0.598531 -0.228317 0.0
0.697843 -0.0457439 0.064181

0.601378 -0.225085 0.0
0.69798 -0.0449675 0.0632681

0.604186 -0.221818 0.0
0.698109 -0.0441998 0.0623559

0.606956 -0.218517 0.0
0.69823 -0.0434426 0.0614433

0.609681 -0.215181 0.0
0.698337 -0.0426786 0.0605305

0.612361 -0.211809 0.0
0.698438 -0.0419146 0.0595992

0.615005 -0.208407 0.0
0.698536 -0.0411624 0.0586568

0.617597 -0.204968 0.0
0.698618 -0.0404083 0.0577219

0.620155 -0.2015 0.0
0.698697 -0.0396639 0.0567757

0.622663 -0.197999 0.0
0.698763 -0.0389233 0.0558306

0.62513 -0.194467 0.0
0.698818 -0.0381754 0.0548771

0.62755 -0.190903 0.0
0.698862 -0.0374347 0.0539239

0.629927 -0.18731 0.0
0.698901 -0.0367001 0.0529583

0.63226 -0.183688 0.0
0.698931 -0.0359732 0.0519868

0.634543 -0.180036 0.0
0.698946 -0.0352304 0.0510086

0.63678 -0.176355 0.0
0.698951 -0.0344984 0.0500275

0.638979 -0.172649 0.0
0.698951 -0.0337743 0.0490359

0.64112 -0.168912 0.0
0.698931 -0.0330477 0.0480543

0.643224 -0.165152 0.0
0.698906 -0.0323256 0.0470575

0.645273 -0.161363 0.0
0.69887 -0.031602 0.0460478

0.647276 -0.157549 0.0
0.698826 -0.0308761 0.0450199

0.649231 -0.153711 0.0
0.698771 -0.0301581 0.0439881

0.65114 -0.149849 0.0
0.698705 -0.0294474 0.0429514

0.652999 -0.145962 0.0
0.698626 -0.0287331 0.0419054

0.654807 -0.142053 0.0
0.698532 -0.0280105 0.0408536

0.656566 -0.138121 0.0
0.698427 -0.0272994 0.0397959

0.658284 -0.134168 0.0
0.698313 -0.0265914 0.0387218

0.659939 -0.130192 0.0
0.698181 -0.0258805 0.0376439

0.661552 -0.126198 0.0
0.698038 -0.0251598 0.0365446

0.663111 -0.122182 0.0
0.697881 -0.0244489 0.0354409

0.664621 -0.118147 0.0
0.697707 -0.0237326 0.0343306

0.666082 -0.114094 0.0
0.69752 -0.0230242 0.0332112

0.667492 -0.110024 0.0
0.697319 -0.0223192 0.0320798

0.668848 -0.105935 0.0
0.697104 -0.021607 0.0309269

0.670151 -0.101829 0.0
0.696873 -0.0208893 0.0297542

0.671403 -0.0977075 0.0
0.696628 -0.0201814 0.0285708

0.672612 -0.0935716 0.0
0.696367 -0.0194742 0.0273719

0.673754 -0.089419 0.0
0.696081 -0.0187591 0.0261711

0.674855 -0.0852537 0.0
0.695779 -0.0180389 0.0249491

0.675899 -0.0810745 0.0
0.695459 -0.0173289 0.0237174

0.676893 -0.0768826 0.0
0.695115 -0.0166116 0.022477

0.677833 -0.0726785 0.0
0.694754 -0.0158968 0.0212122

0.678719 -0.0684628 0.0
0.694369 -0.0151693 0.0199288

0.679552 -0.0642363 0.0
0.69396 -0.0144404 0.018633

0.680332 -0.0599997 0.0
0.693526 -0.0137108 0.0173249

0.681059 -0.0557536 0.0
0.69307 -0.0129888 0.016001

0.68174 -0.0514993 0.0
0.692592 -0.0122619 0.0146514

0.682352 -0.0472357 0.0
0.69208 -0.0115251 0.0132931

0.682923 -0.0429656 0.0
0.691544 -0.0107843 0.0119056

0.683435 -0.0386883 0.0
0.690981 -0.0100483 0.0104969

0.683894 -0.0344049 0.0
0.690383 -0.00930356 0.00907723

0.684299 -0.0301162 0.0
0.689753 -0.0085536 0.00763664

0.684651 -0.0258227 0.0
0.689088 -0.00779925 0.00617845

0.684947 -0.021525 0.0
0.688387 -0.00704243 0.00470538

0.685192 -0.0172241 0.0
0.687648 -0.0062843 0.00321561

0.685382 -0.0129204 0.0
0.686872 -0.00552952 0.00170313

0.685521 -0.00861467 0.0
0.686053 -0.00474745 0.000162242

0.685594 -0.00430747 0.0
0.685187 -0.0039671 -0.00138906

0.685626 2.95732e-07 0.0
0.684279 -0.00318322 -0.00296504

