# This file is created by system ./DesigningTheRidgeLineVer2.out
# Success!!
# objective function value ->11.875095
# number of coefficients -> 29
# IntegralNumber -> 2 Convergence -> 0.000370
# multipliers of equational conditions
#-4.737419 -93.945062 -80.244470 -19.155252 32.651032 -54.508221 3773.239957 -20.785712 # multipliers of inequality conditions
#0.000000 0.000000 0.000000 0.000000 0.000000 0.000000 0.000000 0.000000 0.000000 0.000000 0.000000 0.000000 0.000000 0.000000 0.000000 0.000000 0.000000 0.000000 0.000000 0.000000 0.000000 0.000000 0.000000 0.000000 0.000000 0.000000 0.000000 0.000000 0.000000 0.000000 0.000000 0.000000 0.000000 0.000000 0.000000 0.000000 0.000000 0.000000 0.000000 0.000000 # coefficients
#1.239673 -0.235325 -0.290209 -0.292398 0.033763 -0.100166 0.075396 0.058917 3.568772 -1.336833 -0.123004 0.603883 -0.115595 -0.557957 -0.907740 0.689697 1.330138 1.368207 -0.362664 0.583915 1.990450 0.668486 0.092603 -0.027022 0.163009 0.107237 0.001501 0.971997 1.003206 0.000000 0.000000 0.000000
0.000010 -0.000968 0.001479
0.000033 -0.001928 0.002960
0.000069 -0.002881 0.004444
0.000119 -0.003825 0.005931
0.000182 -0.004762 0.007420
0.000257 -0.005690 0.008912
0.000346 -0.006611 0.010406
0.000447 -0.007523 0.011903
0.000561 -0.008426 0.013402
0.000688 -0.009321 0.014904
0.000827 -0.010207 0.016407
0.000978 -0.011084 0.017913
0.001141 -0.011953 0.019421
0.001316 -0.012813 0.020931
0.001504 -0.013663 0.022442
0.001703 -0.014504 0.023956
0.001913 -0.015336 0.025471
0.002136 -0.016159 0.026988
0.002370 -0.016972 0.028506
0.002615 -0.017775 0.030026
0.002871 -0.018569 0.031548
0.003139 -0.019353 0.033070
0.003417 -0.020127 0.034594
0.003706 -0.020891 0.036119
0.004006 -0.021645 0.037646
0.004317 -0.022389 0.039173
0.004638 -0.023122 0.040701
0.004969 -0.023845 0.042230
0.005311 -0.024558 0.043760
0.005662 -0.025260 0.045290
0.006024 -0.025952 0.046821
0.006395 -0.026633 0.048352
0.006776 -0.027303 0.049884
0.007167 -0.027963 0.051416
0.007567 -0.028612 0.052948
0.007976 -0.029249 0.054480
0.008394 -0.029876 0.056012
0.008821 -0.030491 0.057544
0.009257 -0.031096 0.059076
0.009702 -0.031689 0.060607
0.010156 -0.032271 0.062138
0.010618 -0.032842 0.063668
0.011088 -0.033401 0.065198
0.011566 -0.033949 0.066727
0.012053 -0.034485 0.068255
0.012547 -0.035010 0.069783
0.013049 -0.035523 0.071309
0.013559 -0.036025 0.072834
0.014076 -0.036515 0.074358
0.014600 -0.036993 0.075881
0.015132 -0.037460 0.077402
0.015670 -0.037915 0.078921
0.016216 -0.038358 0.080439
0.016768 -0.038790 0.081955
0.017327 -0.039210 0.083469
0.017892 -0.039618 0.084982
0.018464 -0.040013 0.086492
0.019042 -0.040398 0.088000
0.019626 -0.040770 0.089506
0.020216 -0.041131 0.091009
0.020812 -0.041479 0.092510
0.021413 -0.041816 0.094008
0.022020 -0.042141 0.095504
0.022632 -0.042454 0.096997
0.023250 -0.042755 0.098487
0.023873 -0.043045 0.099974
0.024500 -0.043323 0.101458
0.025132 -0.043588 0.102939
0.025770 -0.043843 0.104417
0.026411 -0.044085 0.105891
0.027058 -0.044316 0.107362
0.027708 -0.044535 0.108829
0.028363 -0.044742 0.110292
0.029022 -0.044938 0.111752
0.029685 -0.045122 0.113208
0.030351 -0.045294 0.114661
0.031022 -0.045455 0.116109
0.031695 -0.045605 0.117553
0.032373 -0.045743 0.118993
0.033054 -0.045870 0.120428
0.033738 -0.045985 0.121859
0.034425 -0.046089 0.123286
0.035115 -0.046183 0.124709
0.035808 -0.046264 0.126126
0.036504 -0.046335 0.127540
0.037202 -0.046395 0.128948
0.037903 -0.046444 0.130351
0.038607 -0.046482 0.131750
0.039313 -0.046509 0.133144
0.040021 -0.046525 0.134533
0.040731 -0.046531 0.135916
0.041444 -0.046526 0.137295
0.042158 -0.046510 0.138668
0.042874 -0.046484 0.140036
0.043592 -0.046448 0.141399
0.044312 -0.046401 0.142756
0.045034 -0.046344 0.144108
0.045757 -0.046277 0.145454
0.046481 -0.046200 0.146795
0.047207 -0.046113 0.148130
0.047934 -0.046016 0.149459
0.048663 -0.045909 0.150783
0.049393 -0.045792 0.152101
0.050123 -0.045666 0.153413
0.050855 -0.045530 0.154719
0.051588 -0.045385 0.156020
0.052321 -0.045231 0.157314
0.053056 -0.045067 0.158603
0.053791 -0.044894 0.159885
0.054527 -0.044712 0.161162
0.055264 -0.044521 0.162432
0.056002 -0.044321 0.163697
0.056739 -0.044112 0.164955
0.057478 -0.043895 0.166207
0.058217 -0.043669 0.167453
0.058956 -0.043434 0.168692
0.059696 -0.043191 0.169926
0.060436 -0.042939 0.171153
0.061176 -0.042680 0.172374
0.061917 -0.042412 0.173589
0.062658 -0.042136 0.174797
0.063399 -0.041852 0.175999
0.064141 -0.041560 0.177195
0.064883 -0.041260 0.178385
0.065624 -0.040953 0.179568
0.066366 -0.040638 0.180745
0.067108 -0.040315 0.181915
0.067851 -0.039985 0.183080
0.068593 -0.039648 0.184238
0.069336 -0.039303 0.185390
0.070078 -0.038951 0.186535
0.070821 -0.038593 0.187674
0.071563 -0.038226 0.188807
0.072305 -0.037853 0.189933
0.073048 -0.037474 0.191053
0.073791 -0.037087 0.192167
0.074534 -0.036694 0.193275
0.075277 -0.036294 0.194376
0.076020 -0.035887 0.195471
0.076763 -0.035474 0.196560
0.077506 -0.035055 0.197643
0.078249 -0.034629 0.198719
0.078993 -0.034197 0.199789
0.079736 -0.033759 0.200854
0.080480 -0.033315 0.201912
0.081224 -0.032864 0.202963
0.081968 -0.032408 0.204009
0.082712 -0.031945 0.205049
0.083457 -0.031477 0.206083
0.084201 -0.031003 0.207111
0.084947 -0.030523 0.208132
0.085692 -0.030038 0.209148
0.086438 -0.029547 0.210158
0.087184 -0.029050 0.211161
0.087931 -0.028547 0.212160
0.088678 -0.028040 0.213152
0.089425 -0.027526 0.214138
0.090174 -0.027008 0.215119
0.090922 -0.026484 0.216093
0.091672 -0.025955 0.217063
0.092422 -0.025420 0.218026
0.093173 -0.024880 0.218983
0.093924 -0.024335 0.219935
0.094677 -0.023785 0.220882
0.095430 -0.023230 0.221823
0.096184 -0.022670 0.222758
0.096940 -0.022104 0.223688
0.097696 -0.021534 0.224612
0.098453 -0.020958 0.225530
0.099212 -0.020378 0.226444
0.099972 -0.019793 0.227352
0.100733 -0.019203 0.228254
0.101495 -0.018608 0.229151
0.102259 -0.018008 0.230043
0.103024 -0.017403 0.230930
0.103791 -0.016793 0.231811
0.104559 -0.016179 0.232687
0.105329 -0.015560 0.233558
0.106101 -0.014936 0.234423
0.106875 -0.014307 0.235284
0.107650 -0.013673 0.236139
0.108427 -0.013035 0.236989
0.109207 -0.012392 0.237835
0.109989 -0.011744 0.238675
0.110773 -0.011092 0.239510
0.111559 -0.010435 0.240340
0.112347 -0.009773 0.241165
0.113138 -0.009106 0.241985
0.113931 -0.008435 0.242800
0.114728 -0.007758 0.243610
0.115526 -0.007078 0.244415
0.116328 -0.006392 0.245215
0.117132 -0.005702 0.246011
0.117939 -0.005007 0.246801
0.118750 -0.004307 0.247587
0.119563 -0.003602 0.248367
0.120380 -0.002893 0.249143
0.121200 -0.002179 0.249914
0.122023 -0.001460 0.250680
0.122850 -0.000736 0.251441
0.123681 -0.000007 0.252197
0.124515 0.000726 0.252948
0.125353 0.001464 0.253695
0.126195 0.002207 0.254437
0.127041 0.002955 0.255174
0.127891 0.003708 0.255906
0.128745 0.004465 0.256632
0.129604 0.005228 0.257354
0.130467 0.005995 0.258071
0.131334 0.006768 0.258784
0.132206 0.007545 0.259491
0.133083 0.008327 0.260193
0.133965 0.009115 0.260890
0.134852 0.009907 0.261582
0.135743 0.010704 0.262269
0.136641 0.011506 0.262951
0.137543 0.012314 0.263628
0.138450 0.013126 0.264300
0.139363 0.013944 0.264966
0.140282 0.014766 0.265627
0.141207 0.015594 0.266283
0.142137 0.016427 0.266933
0.143074 0.017265 0.267579
0.144016 0.018108 0.268219
0.144965 0.018956 0.268853
0.145920 0.019809 0.269481
0.146881 0.020668 0.270104
0.147849 0.021532 0.270721
0.148824 0.022401 0.271333
0.149806 0.023275 0.271939
0.150794 0.024154 0.272539
0.151790 0.025039 0.273134
0.152793 0.025929 0.273721
0.153803 0.026824 0.274303
0.154820 0.027724 0.274879
0.155845 0.028630 0.275449
0.156878 0.029540 0.276012
0.157918 0.030456 0.276568
0.158967 0.031378 0.277119
0.160023 0.032304 0.277662
0.161088 0.033236 0.278199
0.162160 0.034173 0.278729
0.163242 0.035115 0.279252
0.164332 0.036062 0.279769
0.165430 0.037014 0.280277
0.166537 0.037972 0.280779
0.167653 0.038934 0.281273
0.168778 0.039902 0.281760
0.169913 0.040875 0.282239
0.171056 0.041852 0.282711
0.172209 0.042835 0.283174
0.173371 0.043823 0.283630
0.174543 0.044816 0.284077
0.175724 0.045813 0.284516
0.176916 0.046815 0.284947
0.178118 0.047823 0.285369
0.179329 0.048835 0.285783
0.180550 0.049851 0.286187
0.181782 0.050872 0.286583
0.183025 0.051899 0.286970
0.184277 0.052929 0.287347
0.185541 0.053964 0.287715
0.186814 0.055003 0.288073
0.188099 0.056047 0.288421
0.189395 0.057094 0.288759
0.190701 0.058146 0.289088
0.192019 0.059202 0.289406
0.193348 0.060262 0.289713
0.194688 0.061326 0.290010
0.196040 0.062394 0.290297
0.197402 0.063466 0.290572
0.198777 0.064541 0.290836
0.200163 0.065620 0.291089
0.201560 0.066701 0.291330
0.202970 0.067787 0.291560
0.204391 0.068875 0.291778
0.205824 0.069967 0.291983
0.207269 0.071061 0.292177
0.208726 0.072159 0.292358
0.210195 0.073259 0.292527
0.211676 0.074361 0.292683
0.213169 0.075466 0.292826
0.214674 0.076573 0.292956
0.216192 0.077682 0.293073
0.217722 0.078793 0.293176
0.219264 0.079906 0.293265
0.220818 0.081021 0.293341
0.222385 0.082137 0.293402
0.223965 0.083254 0.293450
0.225556 0.084373 0.293483
0.227160 0.085492 0.293501
0.228777 0.086613 0.293505
0.230405 0.087734 0.293494
0.232046 0.088855 0.293467
0.233700 0.089976 0.293426
0.235366 0.091098 0.293369
0.237045 0.092220 0.293297
0.238735 0.093341 0.293208
0.240438 0.094462 0.293104
0.242154 0.095582 0.292984
0.243881 0.096701 0.292848
0.245621 0.097819 0.292695
0.247373 0.098936 0.292526
0.249138 0.100051 0.292340
0.250914 0.101164 0.292137
0.252702 0.102276 0.291917
0.254502 0.103386 0.291681
0.256314 0.104493 0.291427
0.258138 0.105597 0.291155
0.259973 0.106699 0.290867
0.261820 0.107798 0.290560
0.263679 0.108893 0.290236
0.265549 0.109986 0.289895
0.267430 0.111074 0.289535
0.269323 0.112159 0.289157
0.271228 0.113240 0.288762
0.273142 0.114316 0.288348
0.275068 0.115388 0.287916
0.277004 0.116455 0.287465
0.278952 0.117518 0.286997
0.280909 0.118575 0.286509
0.282877 0.119627 0.286003
0.284855 0.120674 0.285479
0.286844 0.121715 0.284937
0.288842 0.122749 0.284375
0.290850 0.123778 0.283795
0.292868 0.124801 0.283196
0.294895 0.125816 0.282578
0.296931 0.126826 0.281942
0.298977 0.127828 0.281287
0.301032 0.128824 0.280613
0.303095 0.129812 0.279921
0.305167 0.130793 0.279210
0.307248 0.131766 0.278480
0.309337 0.132731 0.277731
0.311434 0.133689 0.276965
0.313539 0.134638 0.276179
0.315651 0.135579 0.275374
0.317771 0.136512 0.274552
0.319898 0.137437 0.273711
0.322033 0.138352 0.272851
0.324174 0.139259 0.271973
0.326323 0.140158 0.271077
0.328478 0.141047 0.270163
0.330639 0.141927 0.269231
0.332807 0.142798 0.268280
0.334980 0.143659 0.267312
0.337159 0.144511 0.266326
0.339344 0.145353 0.265323
0.341534 0.146187 0.264302
0.343729 0.147010 0.263264
0.345929 0.147823 0.262208
0.348134 0.148627 0.261135
0.350343 0.149421 0.260045
0.352557 0.150205 0.258938
0.354776 0.150980 0.257815
0.356997 0.151744 0.256675
0.359223 0.152497 0.255518
0.361452 0.153242 0.254346
0.363685 0.153976 0.253157
0.365921 0.154700 0.251952
0.368160 0.155415 0.250731
0.370402 0.156119 0.249495
0.372647 0.156814 0.248244
0.374893 0.157497 0.246977
0.377142 0.158172 0.245695
0.379392 0.158836 0.244398
0.381645 0.159491 0.243087
0.383900 0.160136 0.241761
0.386156 0.160772 0.240421
0.388414 0.161397 0.239066
0.390672 0.162014 0.237698
0.392931 0.162620 0.236316
0.395191 0.163217 0.234921
0.397453 0.163805 0.233512
0.399715 0.164385 0.232091
0.401976 0.164954 0.230655
0.404237 0.165515 0.229208
0.406499 0.166067 0.227748
0.408761 0.166611 0.226276
0.411022 0.167145 0.224791
0.413283 0.167672 0.223295
0.415544 0.168190 0.221787
0.417803 0.168700 0.220267
0.420061 0.169202 0.218736
0.422319 0.169696 0.217194
0.424575 0.170183 0.215641
0.426830 0.170662 0.214078
0.429084 0.171134 0.212503
0.431336 0.171599 0.210919
0.433587 0.172056 0.209324
0.435835 0.172508 0.207720
0.438081 0.172953 0.206105
0.440325 0.173391 0.204482
0.442568 0.173823 0.202848
0.444808 0.174251 0.201206
0.447045 0.174671 0.199555
0.449279 0.175086 0.197894
0.451512 0.175497 0.196226
0.453742 0.175902 0.194549
0.455968 0.176302 0.192863
0.458191 0.176698 0.191169
0.460412 0.177089 0.189467
0.462629 0.177477 0.187758
0.464843 0.177860 0.186041
0.467053 0.178240 0.184316
0.469260 0.178616 0.182585
0.471464 0.178989 0.180846
0.473663 0.179359 0.179099
0.475860 0.179727 0.177347
0.478051 0.180093 0.175587
0.480239 0.180456 0.173821
0.482423 0.180818 0.172049
0.484603 0.181176 0.170269
0.486778 0.181535 0.168484
0.488951 0.181892 0.166692
0.491116 0.182247 0.164895
0.493278 0.182602 0.163092
0.495436 0.182957 0.161284
0.497590 0.183312 0.159469
0.499738 0.183665 0.157649
0.501881 0.184021 0.155824
0.504019 0.184376 0.153994
0.506153 0.184733 0.152158
0.508280 0.185090 0.150317
0.510403 0.185449 0.148471
0.512521 0.185809 0.146621
0.514633 0.186171 0.144765
0.516740 0.186534 0.142904
0.518841 0.186901 0.141039
0.520937 0.187270 0.139170
0.523026 0.187641 0.137295
0.525110 0.188016 0.135417
0.527188 0.188392 0.133534
0.529260 0.188773 0.131646
0.531327 0.189158 0.129754
0.533386 0.189546 0.127858
0.535439 0.189939 0.125958
0.537486 0.190336 0.124054
0.539527 0.190738 0.122145
0.541561 0.191144 0.120232
0.543588 0.191555 0.118316
0.545609 0.191972 0.116395
0.547622 0.192394 0.114470
0.549629 0.192821 0.112541
0.551629 0.193254 0.110609
0.553621 0.193693 0.108672
0.555607 0.194139 0.106732
0.557585 0.194590 0.104787
0.559555 0.195051 0.102839
0.561517 0.195516 0.100886
0.563472 0.195989 0.098930
0.565420 0.196470 0.096970
0.567359 0.196957 0.095006
0.569290 0.197452 0.093038
0.571214 0.197955 0.091066
0.573128 0.198466 0.089091
0.575035 0.198985 0.087111
0.576933 0.199514 0.085128
0.578823 0.200049 0.083139
0.580703 0.200593 0.081148
0.582575 0.201147 0.079153
0.584438 0.201710 0.077153
0.586292 0.202281 0.075149
0.588137 0.202862 0.073142
0.589972 0.203453 0.071130
0.591798 0.204053 0.069114
0.593614 0.204664 0.067093
0.595420 0.205284 0.065069
0.597216 0.205914 0.063040
0.599002 0.206556 0.061007
0.600778 0.207206 0.058969
0.602544 0.207869 0.056927
0.604299 0.208540 0.054881
0.606044 0.209223 0.052830
0.607778 0.209918 0.050774
0.609499 0.210624 0.048714
0.611210 0.211341 0.046649
0.612911 0.212070 0.044580
0.614599 0.212809 0.042505
0.616276 0.213561 0.040426
0.617941 0.214324 0.038341
0.619593 0.215100 0.036252
0.621234 0.215887 0.034158
0.622862 0.216687 0.032059
0.624478 0.217499 0.029954
0.626080 0.218324 0.027845
0.627670 0.219160 0.025729
0.629246 0.220010 0.023609
0.630809 0.220872 0.021483
0.632359 0.221748 0.019352
0.633895 0.222635 0.017215
0.635416 0.223537 0.015072
0.636924 0.224451 0.012925
0.638416 0.225378 0.010770
0.639894 0.226320 0.008610
0.641356 0.227276 0.006445
0.642803 0.228245 0.004273
0.644236 0.229227 0.002095
0.645652 0.230222 -0.000089
