0 -0 0
7e-06 -0.002154 0
2.7e-05 -0.004308 0
6.1e-05 -0.006462 0
0.000108 -0.008615 0
0.000169 -0.010768 0
0.000244 -0.012921 0
0.000332 -0.015073 0
0.000433 -0.017225 0
0.000548 -0.019376 0
0.000676 -0.021526 0
0.000818 -0.023675 0
0.000974 -0.025823 0
0.001143 -0.027971 0
0.001325 -0.030117 0
0.001521 -0.032262 0
0.001731 -0.034406 0
0.001954 -0.036548 0
0.00219 -0.038689 0
0.00244 -0.040829 0
0.002703 -0.042966 0
0.00298 -0.045102 0
0.00327 -0.047237 0
0.003573 -0.049369 0
0.00389 -0.0515 0
0.004221 -0.053628 0
0.004564 -0.055755 0
0.004921 -0.057879 0
0.005292 -0.060001 0
0.005675 -0.06212 0
0.006072 -0.064237 0
0.006482 -0.066352 0
0.006906 -0.068464 0
0.007343 -0.070573 0
0.007793 -0.07268 0
0.008256 -0.074783 0
0.008733 -0.076884 0
0.009222 -0.078981 0
0.009725 -0.081076 0
0.010241 -0.083167 0
0.01077 -0.085255 0
0.011312 -0.08734 0
0.011868 -0.089421 0
0.012436 -0.091498 0
0.013018 -0.093573 0
0.013612 -0.095643 0
0.014219 -0.097709 0
0.01484 -0.099772 0
0.015473 -0.101831 0
0.016119 -0.103886 0
0.016779 -0.105936 0
0.017451 -0.107983 0
0.018136 -0.110025 0
0.018833 -0.112063 0
0.019544 -0.114096 0
0.020267 -0.116125 0
0.021003 -0.118149 0
0.021752 -0.120169 0
0.022513 -0.122184 0
0.023287 -0.124194 0
0.024074 -0.126199 0
0.024873 -0.128199 0
0.025685 -0.130195 0
0.026509 -0.132185 0
0.027346 -0.134169 0
0.028195 -0.136149 0
0.029057 -0.138123 0
0.029931 -0.140092 0
0.030817 -0.142055 0
0.031716 -0.144012 0
0.032627 -0.145964 0
0.03355 -0.14791 0
0.034486 -0.149851 0
0.035433 -0.151785 0
0.036393 -0.153713 0
0.037365 -0.155636 0
0.038349 -0.157552 0
0.039345 -0.159462 0
0.040353 -0.161365 0
0.041372 -0.163262 0
0.042404 -0.165153 0
0.043448 -0.167038 0
0.044503 -0.168915 0
0.04557 -0.170786 0
0.046649 -0.17265 0
0.04774 -0.174508 0
0.048842 -0.176359 0
0.049956 -0.178202 0
0.051082 -0.180039 0
0.052219 -0.181868 0
0.053367 -0.18369 0
0.054527 -0.185505 0
0.055698 -0.187313 0
0.056881 -0.189113 0
0.058075 -0.190906 0
0.05928 -0.192692 0
0.060496 -0.194469 0
0.061723 -0.196239 0
0.062962 -0.198002 0
0.064212 -0.199756 0
0.065472 -0.201503 0
0.066744 -0.203241 0
0.068026 -0.204972 0
0.069319 -0.206694 0
0.070624 -0.208409 0
0.071938 -0.210115 0
0.073264 -0.211813 0
0.0746 -0.213502 0
0.075947 -0.215183 0
0.077304 -0.216856 0
0.078672 -0.21852 0
0.08005 -0.220175 0
0.081439 -0.221822 0
0.082838 -0.22346 0
0.084247 -0.225089 0
0.085666 -0.226709 0
0.087096 -0.22832 0
0.088535 -0.229922 0
0.089985 -0.231515 0
0.091445 -0.233099 0
0.092914 -0.234674 0
0.094394 -0.23624 0
0.095883 -0.237796 0
0.097382 -0.239343 0
0.09889 -0.24088 0
0.100409 -0.242408 0
0.101937 -0.243926 0
0.103474 -0.245435 0
0.105021 -0.246934 0
0.106577 -0.248423 0
0.108143 -0.249903 0
0.109717 -0.251372 0
0.111301 -0.252832 0
0.112895 -0.254282 0
0.114497 -0.255721 0
0.116108 -0.257151 0
0.117728 -0.25857 0
0.119357 -0.259979 0
0.120995 -0.261378 0
0.122642 -0.262767 0
0.124297 -0.264145 0
0.125961 -0.265513 0
0.127634 -0.26687 0
0.129315 -0.268217 0
0.131004 -0.269553 0
0.132702 -0.270878 0
0.134408 -0.272193 0
0.136122 -0.273497 0
0.137845 -0.274791 0
0.139576 -0.276073 0
0.141314 -0.277345 0
0.143061 -0.278605 0
0.144815 -0.279855 0
0.146577 -0.281093 0
0.148347 -0.282321 0
0.150125 -0.283537 0
0.15191 -0.284742 0
0.153703 -0.285936 0
0.155504 -0.287119 0
0.157311 -0.28829 0
0.159126 -0.28945 0
0.160949 -0.290598 0
0.162778 -0.291735 0
0.164615 -0.292861 0
0.166458 -0.293975 0
0.168309 -0.295077 0
0.170166 -0.296167 0
0.172031 -0.297246 0
0.173902 -0.298314 0
0.175779 -0.299369 0
0.177664 -0.300413 0
0.179554 -0.301444 0
0.181452 -0.302464 0
0.183355 -0.303472 0
0.185265 -0.304468 0
0.187181 -0.305452 0
0.189103 -0.306424 0
0.191032 -0.307384 0
0.192966 -0.308331 0
0.194906 -0.309267 0
0.196852 -0.31019 0
0.198804 -0.311101 0
0.200762 -0.312 0
0.202725 -0.312886 0
0.204694 -0.31376 0
0.206668 -0.314622 0
0.208647 -0.315471 0
0.210632 -0.316308 0
0.212622 -0.317132 0
0.214617 -0.317944 0
0.216618 -0.318743 0
0.218623 -0.31953 0
0.220633 -0.320304 0
0.222648 -0.321065 0
0.224667 -0.321814 0
0.226692 -0.32255 0
0.228721 -0.323273 0
0.230754 -0.323983 0
0.232792 -0.324681 0
0.234834 -0.325366 0
0.236881 -0.326038 0
0.238931 -0.326697 0
0.240986 -0.327344 0
0.243045 -0.327977 0
0.245107 -0.328597 0
0.247174 -0.329205 0
0.249244 -0.329799 0
0.251318 -0.330381 0
0.253396 -0.330949 0
0.255477 -0.331504 0
0.257562 -0.332047 0
0.25965 -0.332576 0
0.261741 -0.333092 0
0.263835 -0.333595 0
0.265933 -0.334084 0
0.268034 -0.334561 0
0.270137 -0.335024 0
0.272244 -0.335474 0
0.274353 -0.335911 0
0.276465 -0.336334 0
0.278579 -0.336745 0
0.280696 -0.337142 0
0.282816 -0.337525 0
0.284938 -0.337896 0
0.287062 -0.338253 0
0.289188 -0.338596 0
0.291317 -0.338926 0
0.293447 -0.339243 0
0.29558 -0.339547 0
0.297714 -0.339837 0
0.29985 -0.340114 0
0.301988 -0.340377 0
0.304128 -0.340627 0
0.306269 -0.340863 0
0.308411 -0.341086 0
0.310555 -0.341295 0
0.3127 -0.341491 0
0.314846 -0.341674 0
0.316993 -0.341843 0
0.319142 -0.341998 0
0.321291 -0.34214 0
0.323441 -0.342269 0
0.325592 -0.342384 0
0.327744 -0.342485 0
0.329896 -0.342573 0
0.332049 -0.342648 0
0.334202 -0.342709 0
0.336355 -0.342756 0
0.338509 -0.34279 0
0.340663 -0.34281 0
0.342817 -0.342817 0
0.344971 -0.34281 0
0.347125 -0.34279 0
0.349278 -0.342756 0
0.351432 -0.342709 0
0.353585 -0.342648 0
0.355738 -0.342573 0
0.35789 -0.342485 0
0.360041 -0.342384 0
0.362192 -0.342269 0
0.364342 -0.34214 0
0.366492 -0.341998 0
0.36864 -0.341843 0
0.370787 -0.341674 0
0.372934 -0.341491 0
0.375079 -0.341295 0
0.377222 -0.341086 0
0.379365 -0.340863 0
0.381506 -0.340627 0
0.383645 -0.340377 0
0.385783 -0.340114 0
0.387919 -0.339837 0
0.390054 -0.339547 0
0.392186 -0.339243 0
0.394317 -0.338926 0
0.396445 -0.338596 0
0.398572 -0.338253 0
0.400696 -0.337896 0
0.402818 -0.337525 0
0.404937 -0.337142 0
0.407054 -0.336745 0
0.409169 -0.336334 0
0.411281 -0.335911 0
0.41339 -0.335474 0
0.415496 -0.335024 0
0.4176 -0.334561 0
0.419701 -0.334084 0
0.421798 -0.333595 0
0.423893 -0.333092 0
0.425984 -0.332576 0
0.428072 -0.332047 0
0.430156 -0.331504 0
0.432238 -0.330949 0
0.434315 -0.330381 0
0.436389 -0.329799 0
0.43846 -0.329205 0
0.440526 -0.328597 0
0.442589 -0.327977 0
0.444648 -0.327344 0
0.446702 -0.326697 0
0.448753 -0.326038 0
0.450799 -0.325366 0
0.452842 -0.324681 0
0.454879 -0.323983 0
0.456913 -0.323273 0
0.458942 -0.32255 0
0.460966 -0.321814 0
0.462986 -0.321065 0
0.465001 -0.320304 0
0.467011 -0.31953 0
0.469016 -0.318743 0
0.471016 -0.317944 0
0.473011 -0.317132 0
0.475001 -0.316308 0
0.476986 -0.315471 0
0.478966 -0.314622 0
0.48094 -0.31376 0
0.482909 -0.312886 0
0.484872 -0.312 0
0.486829 -0.311101 0
0.488781 -0.31019 0
0.490727 -0.309267 0
0.492667 -0.308331 0
0.494602 -0.307384 0
0.49653 -0.306424 0
0.498452 -0.305452 0
0.500368 -0.304468 0
0.502278 -0.303472 0
0.504182 -0.302464 0
0.506079 -0.301444 0
0.50797 -0.300413 0
0.509854 -0.299369 0
0.511732 -0.298314 0
0.513603 -0.297246 0
0.515467 -0.296167 0
0.517325 -0.295077 0
0.519175 -0.293975 0
0.521019 -0.292861 0
0.522855 -0.291735 0
0.524685 -0.290598 0
0.526507 -0.28945 0
0.528322 -0.28829 0
0.53013 -0.287119 0
0.53193 -0.285936 0
0.533723 -0.284742 0
0.535508 -0.283537 0
0.537286 -0.282321 0
0.539056 -0.281093 0
0.540818 -0.279855 0
0.542573 -0.278605 0
0.544319 -0.277345 0
0.546058 -0.276073 0
0.547789 -0.274791 0
0.549511 -0.273497 0
0.551226 -0.272193 0
0.552932 -0.270878 0
0.554629 -0.269553 0
0.556319 -0.268217 0
0.558 -0.26687 0
0.559672 -0.265513 0
0.561336 -0.264145 0
0.562992 -0.262767 0
0.564638 -0.261378 0
0.566276 -0.259979 0
0.567905 -0.25857 0
0.569526 -0.257151 0
0.571137 -0.255721 0
0.572739 -0.254282 0
0.574332 -0.252832 0
0.575916 -0.251372 0
0.577491 -0.249903 0
0.579057 -0.248423 0
0.580613 -0.246934 0
0.58216 -0.245435 0
0.583697 -0.243926 0
0.585225 -0.242408 0
0.586743 -0.24088 0
0.588252 -0.239343 0
0.589751 -0.237796 0
0.59124 -0.23624 0
0.592719 -0.234674 0
0.594189 -0.233099 0
0.595649 -0.231515 0
0.597098 -0.229922 0
0.598538 -0.22832 0
0.599967 -0.226709 0
0.601387 -0.225089 0
0.602796 -0.22346 0
0.604195 -0.221822 0
0.605583 -0.220175 0
0.606962 -0.21852 0
0.608329 -0.216856 0
0.609687 -0.215183 0
0.611033 -0.213502 0
0.61237 -0.211813 0
0.613695 -0.210115 0
0.61501 -0.208409 0
0.616314 -0.206694 0
0.617607 -0.204972 0
0.61889 -0.203241 0
0.620161 -0.201503 0
0.621422 -0.199756 0
0.622672 -0.198002 0
0.62391 -0.196239 0
0.625138 -0.194469 0
0.626354 -0.192692 0
0.627559 -0.190906 0
0.628753 -0.189113 0
0.629935 -0.187313 0
0.631107 -0.185505 0
0.632267 -0.18369 0
0.633415 -0.181868 0
0.634552 -0.180039 0
0.635677 -0.178202 0
0.636791 -0.176359 0
0.637894 -0.174508 0
0.638984 -0.17265 0
0.640063 -0.170786 0
0.64113 -0.168915 0
0.642186 -0.167038 0
0.643229 -0.165153 0
0.644261 -0.163262 0
0.645281 -0.161365 0
0.646289 -0.159462 0
0.647285 -0.157552 0
0.648269 -0.155636 0
0.649241 -0.153713 0
0.6502 -0.151785 0
0.651148 -0.149851 0
0.652083 -0.14791 0
0.653007 -0.145964 0
0.653918 -0.144012 0
0.654816 -0.142055 0
0.655703 -0.140092 0
0.656577 -0.138123 0
0.657438 -0.136149 0
0.658288 -0.134169 0
0.659124 -0.132185 0
0.659949 -0.130195 0
0.660761 -0.128199 0
0.66156 -0.126199 0
0.662346 -0.124194 0
0.66312 -0.122184 0
0.663882 -0.120169 0
0.664631 -0.118149 0
0.665367 -0.116125 0
0.66609 -0.114096 0
0.6668 -0.112063 0
0.667498 -0.110025 0
0.668183 -0.107983 0
0.668855 -0.105936 0
0.669514 -0.103886 0
0.67016 -0.101831 0
0.670794 -0.099772 0
0.671414 -0.097709 0
0.672022 -0.095643 0
0.672616 -0.093573 0
0.673197 -0.091498 0
0.673766 -0.089421 0
0.674321 -0.08734 0
0.674863 -0.085255 0
0.675392 -0.083167 0
0.675908 -0.081076 0
0.676411 -0.078981 0
0.676901 -0.076884 0
0.677377 -0.074783 0
0.677841 -0.07268 0
0.678291 -0.070573 0
0.678728 -0.068464 0
0.679151 -0.066352 0
0.679561 -0.064237 0
0.679958 -0.06212 0
0.680342 -0.060001 0
0.680712 -0.057879 0
0.681069 -0.055755 0
0.681413 -0.053628 0
0.681743 -0.0515 0
0.68206 -0.049369 0
0.682364 -0.047237 0
0.682654 -0.045102 0
0.68293 -0.042966 0
0.683194 -0.040829 0
0.683443 -0.038689 0
0.68368 -0.036548 0
0.683903 -0.034406 0
0.684112 -0.032262 0
0.684308 -0.030117 0
0.684491 -0.027971 0
0.68466 -0.025823 0
0.684815 -0.023675 0
0.684957 -0.021526 0
0.685086 -0.019376 0
0.685201 -0.017225 0
0.685302 -0.015073 0
0.68539 -0.012921 0
0.685464 -0.010768 0
0.685525 -0.008615 0
0.685573 -0.006462 0
0.685607 -0.004308 0
0.685627 -0.002154 0
0.685634 -0 0
