0 0 0
0.000967919 0.000231682 0.0022945
0.00188604 0.000821437 0.00495303
0.00308009 0.0017677 0.00794321
0.00440546 0.00304743 0.0112546
0.0058609 0.00464414 0.014872
0.00744188 0.00654186 0.0187798
0.00914042 0.00872456 0.0229617
0.0109494 0.0111774 0.0274045
0.0128667 0.013886 0.0320931
0.0148866 0.0168361 0.0370136
0.0170032 0.0200128 0.0421519
0.0192126 0.0234039 0.0474962
0.02151 0.0269932 0.0530315
0.023888 0.0307717 0.0587477
0.026346 0.034724 0.0646303
0.0288749 0.0388391 0.0706693
0.0314744 0.0431057 0.0768524
0.0341373 0.0475111 0.0831685
0.0368631 0.0520438 0.0896061
0.0396442 0.056696 0.0961564
0.0424772 0.0614539 0.102808
0.0453592 0.0663074 0.10955
0.0482857 0.0712495 0.116376
0.0512549 0.0762678 0.123273
0.0542607 0.081355 0.130235
0.057299 0.0865002 0.137251
0.0603703 0.0916969 0.144314
0.0634712 0.0969355 0.151416
0.0665944 0.102208 0.158548
0.0697409 0.107508 0.165703
0.0729082 0.112826 0.172874
0.0760922 0.118155 0.180054
0.0792889 0.123489 0.187235
0.0824985 0.12882 0.194411
0.0857134 0.134143 0.201576
0.0889377 0.139451 0.208725
0.0921646 0.14474 0.21585
0.0953947 0.15 0.222946
0.0986255 0.155228 0.230008
0.101854 0.160419 0.237031
0.105079 0.165566 0.244009
0.108297 0.170667 0.250938
0.111506 0.175717 0.257813
0.114708 0.180708 0.264632
0.117899 0.18564 0.271387
0.121078 0.190508 0.278076
0.124242 0.195305 0.284696
0.12739 0.200032 0.291242
0.130523 0.204681 0.297711
0.133639 0.209253 0.3041
0.136734 0.213743 0.310406
0.139808 0.218147 0.316626
0.142863 0.222464 0.322757
0.145894 0.226691 0.328796
0.148903 0.230825 0.334743
0.151887 0.234863 0.340593
0.154847 0.238806 0.346345
0.15778 0.242648 0.351996
0.160687 0.246391 0.357546
0.163567 0.250031 0.362993
0.166419 0.253566 0.368334
0.169242 0.256997 0.373569
0.172037 0.26032 0.378696
0.174802 0.263537 0.383714
0.177537 0.266645 0.388622
0.180243 0.269643 0.393419
0.182919 0.27253 0.398105
0.185562 0.275307 0.402678
0.188174 0.277972 0.407137
0.190756 0.280526 0.411485
0.193306 0.282967 0.415717
0.195825 0.285295 0.419836
0.198311 0.287511 0.42384
0.200766 0.289614 0.42773
0.203189 0.291605 0.431505
0.20558 0.293484 0.435167
0.207939 0.29525 0.438714
0.210267 0.296905 0.442147
0.212561 0.298449 0.445466
0.214825 0.299881 0.448672
0.217059 0.301202 0.451766
0.219259 0.302416 0.454747
0.221429 0.303519 0.457617
0.223569 0.304515 0.460377
0.225678 0.305403 0.463025
0.227755 0.306184 0.465565
0.229804 0.30686 0.467996
0.231822 0.307431 0.470319
0.233812 0.3079 0.472536
0.235771 0.308266 0.474647
0.237703 0.308531 0.476654
0.239605 0.308696 0.478558
0.24148 0.308763 0.480359
0.243327 0.308732 0.482059
0.245148 0.308605 0.483659
0.246941 0.308384 0.485161
0.248708 0.30807 0.486566
0.25045 0.307664 0.487875
0.252166 0.307168 0.489089
0.253858 0.306583 0.49021
0.255525 0.305913 0.491239
0.257168 0.305155 0.492178
0.258788 0.304314 0.493029
0.260387 0.30339 0.493792
0.261961 0.302387 0.49447
0.263515 0.301304 0.495064
0.265048 0.300145 0.495575
0.26656 0.29891 0.496005
0.268052 0.297601 0.496356
0.269525 0.296219 0.496629
0.270979 0.294769 0.496826
0.272415 0.293249 0.496948
0.273833 0.291663 0.496999
0.275233 0.290011 0.496977
0.276617 0.288297 0.496886
0.277987 0.286521 0.496727
0.279339 0.284686 0.496502
0.280678 0.282793 0.496213
0.282002 0.280844 0.49586
0.283313 0.27884 0.495447
0.284611 0.276784 0.494974
0.285897 0.274678 0.494443
0.287171 0.272522 0.493856
0.288431 0.270321 0.493214
0.289683 0.268073 0.492521
0.290925 0.265782 0.491775
0.292157 0.263449 0.49098
0.293379 0.261076 0.490136
0.294594 0.258666 0.489247
0.295801 0.256218 0.488313
0.297 0.253736 0.487336
0.298192 0.25122 0.486317
0.299379 0.248673 0.485258
0.30056 0.246097 0.484162
0.301736 0.243492 0.483028
0.302906 0.240861 0.481859
0.304073 0.238205 0.480657
0.305237 0.235526 0.479422
0.306397 0.232826 0.478156
0.307555 0.230106 0.476861
0.30871 0.227367 0.475538
0.309864 0.224612 0.474189
0.311018 0.221841 0.472815
0.31217 0.219055 0.471417
0.313322 0.216259 0.469998
0.314474 0.213451 0.468556
0.315626 0.210634 0.467097
0.316781 0.207808 0.465619
0.317939 0.204975 0.464123
0.319097 0.202138 0.462613
0.320257 0.199297 0.461087
0.321419 0.196453 0.459549
0.322586 0.193608 0.457999
0.323756 0.190762 0.456438
0.324931 0.187919 0.454868
0.32611 0.185077 0.453289
0.327293 0.182239 0.451703
0.328481 0.179405 0.45011
0.329674 0.176579 0.448513
0.330874 0.173759 0.446911
0.33208 0.170947 0.445306
0.333292 0.168145 0.443699
0.334511 0.165352 0.442091
0.335736 0.162571 0.440483
0.336969 0.159803 0.438876
0.338209 0.157048 0.43727
0.339457 0.154308 0.435666
0.340714 0.151581 0.434066
0.341978 0.148872 0.43247
0.343252 0.146179 0.430879
0.344532 0.143505 0.429294
0.345824 0.140848 0.427714
0.347121 0.138211 0.426143
0.348431 0.135594 0.424579
0.34975 0.132998 0.423023
0.351077 0.130423 0.421478
0.352416 0.127871 0.419941
0.353764 0.125342 0.418415
0.355121 0.122836 0.4169
0.356489 0.120355 0.415397
0.35787 0.117898 0.413905
0.359259 0.115466 0.412426
0.360657 0.113061 0.41096
0.362067 0.110681 0.409508
0.363489 0.108328 0.408069
0.364921 0.106003 0.406644
0.366365 0.103705 0.405235
0.367818 0.101435 0.40384
0.369283 0.0991938 0.402461
0.370762 0.0969822 0.401098
0.37225 0.0947981 0.39975
0.373746 0.0926448 0.398419
0.375255 0.0905211 0.397105
0.376776 0.0884265 0.395806
0.378309 0.086363 0.394525
0.379853 0.0843303 0.393262
0.381406 0.0823285 0.392016
0.382972 0.0803571 0.390787
0.384548 0.078416 0.389575
0.386136 0.0765072 0.388382
0.387734 0.0746298 0.387206
0.389345 0.0727825 0.386048
0.390966 0.0709677 0.384908
0.392598 0.0691849 0.383786
0.394241 0.067433 0.382682
0.395893 0.0657136 0.381597
0.397557 0.0640246 0.380528
0.399231 0.0623683 0.379478
0.400914 0.0607434 0.378446
0.40261 0.0591493 0.377432
0.404315 0.0575872 0.376435
0.40603 0.0560567 0.375457
0.407754 0.0545572 0.374495
0.409489 0.0530897 0.373551
0.411235 0.0516526 0.372625
0.412987 0.0502466 0.371715
0.414752 0.048872 0.370823
0.416526 0.0475279 0.369948
0.418308 0.0462146 0.369089
0.420098 0.0449299 0.368246
0.421898 0.0436763 0.367419
0.423706 0.0424532 0.366609
0.42552 0.0412579 0.365814
0.427344 0.0400933 0.365035
0.429178 0.0389585 0.364271
0.431019 0.0378521 0.363521
0.432865 0.0367734 0.362787
0.434722 0.0357238 0.362067
0.436585 0.0347018 0.361361
0.438454 0.0337071 0.360669
0.440331 0.0327409 0.35999
0.442215 0.0318007 0.359324
0.444107 0.0308881 0.358671
0.446003 0.0300012 0.358031
0.447906 0.0291413 0.357403
0.449816 0.0283063 0.356786
0.45173 0.027496 0.356181
0.453646 0.0267113 0.355587
0.455571 0.0259518 0.355003
0.4575 0.0252151 0.35443
0.459432 0.0245029 0.353867
0.46137 0.023814 0.353314
0.463314 0.0231485 0.352769
0.465261 0.0225057 0.352234
0.467209 0.0218839 0.351706
0.469164 0.021285 0.351187
0.471122 0.0207074 0.350675
0.47308 0.0201507 0.350171
0.475041 0.0196151 0.349674
0.477007 0.0190985 0.349182
0.478975 0.0186029 0.348697
0.480945 0.0181253 0.348217
0.482914 0.017667 0.347742
0.484889 0.0172274 0.347272
0.486865 0.0168057 0.346807
0.488838 0.0164026 0.346345
0.490814 0.0160154 0.345887
0.49279 0.0156452 0.345432
0.494767 0.0152916 0.34498
0.496745 0.0149539 0.34453
0.498724 0.0146323 0.344082
0.5007 0.0143244 0.343636
0.502676 0.0140317 0.343191
0.504653 0.013754 0.342746
0.506626 0.0134895 0.342302
0.508594 0.0132375 0.341857
0.510568 0.0129997 0.341412
0.512539 0.0127737 0.340967
0.514507 0.0125608 0.34052
0.516473 0.0123586 0.340071
0.518437 0.0121688 0.339621
0.520396 0.0119896 0.339168
0.522351 0.0118205 0.338712
0.524306 0.0116625 0.338253
0.526258 0.0115135 0.337791
0.528208 0.0113736 0.337325
0.530151 0.0112432 0.336855
0.53209 0.0111228 0.336381
0.534024 0.0110089 0.335901
0.535953 0.0109036 0.335417
0.537879 0.0108069 0.334927
0.539804 0.0107161 0.334431
0.541719 0.0106324 0.333929
0.543629 0.010555 0.33342
0.545533 0.0104842 0.332905
0.547435 0.0104198 0.332383
0.549329 0.0103603 0.331854
0.55122 0.0103068 0.331317
0.553101 0.0102577 0.330771
0.554977 0.0102136 0.330218
0.556845 0.0101743 0.329656
0.558705 0.0101381 0.329086
0.560559 0.0101056 0.328507
0.562407 0.0100778 0.327919
0.564249 0.0100519 0.32732
0.566081 0.01003 0.326713
0.567909 0.01001 0.326095
0.569727 0.00999287 0.325468
0.571533 0.0099788 0.32483
0.573331 0.00996544 0.324182
0.575125 0.00995401 0.323523
0.576914 0.00994537 0.322853
0.578689 0.00993715 0.322172
0.580456 0.00992948 0.321479
0.582214 0.00992296 0.320775
0.583964 0.00991757 0.32006
0.585707 0.00991363 0.319333
0.587438 0.00990885 0.318594
0.589158 0.00990417 0.317844
0.590871 0.00990084 0.317081
0.592576 0.00989599 0.316305
0.594269 0.00989184 0.315517
0.595949 0.00988689 0.314717
0.59762 0.00988089 0.313905
0.599281 0.00987438 0.313079
0.600933 0.00986804 0.312242
0.602575 0.00986027 0.311391
0.604204 0.00985055 0.310526
0.605826 0.00984069 0.30965
0.607441 0.00982979 0.30876
0.609039 0.00981636 0.307857
0.610623 0.00980282 0.306941
0.612201 0.00978644 0.306011
0.61377 0.00976981 0.305069
0.615326 0.00975096 0.304113
0.616869 0.00973117 0.303144
0.618401 0.00970841 0.302161
0.619921 0.00968483 0.301166
0.621432 0.00965925 0.300157
0.622929 0.00963125 0.299135
0.624412 0.00960162 0.2981
0.625889 0.0095693 0.297051
0.627354 0.00953705 0.295989
0.628804 0.00950153 0.294914
0.630242 0.00946384 0.293826
0.631667 0.00942406 0.292724
0.633085 0.00938244 0.291609
0.634486 0.00933988 0.290482
0.635878 0.00929469 0.289341
0.637256 0.00924704 0.288188
0.638622 0.00919815 0.287022
0.639977 0.00914642 0.285842
0.641319 0.00909448 0.28465
0.642651 0.00903957 0.283445
0.643969 0.00898286 0.282228
0.645271 0.00892407 0.280998
0.646562 0.00886432 0.279756
0.647844 0.00880182 0.2785
0.649114 0.00873872 0.277234
0.650371 0.00867335 0.275955
0.651614 0.00860665 0.274663
0.652841 0.00853833 0.273361
0.654056 0.00846941 0.272046
0.655263 0.00839774 0.270718
0.656456 0.00832579 0.26938
0.657634 0.00825121 0.26803
0.658797 0.00817667 0.266669
0.65995 0.00810049 0.265296
0.661093 0.00802358 0.263912
0.662223 0.0079452 0.262517
0.663338 0.00786601 0.261111
0.664436 0.007786 0.259694
0.665526 0.00770566 0.258267
0.666604 0.00762426 0.256828
0.667669 0.00754183 0.25538
0.668718 0.0074595 0.253921
0.669756 0.00737573 0.252451
0.67078 0.00729246 0.250972
0.671792 0.00720915 0.249483
0.672792 0.0071247 0.247984
0.673778 0.00704088 0.246476
0.674751 0.00695549 0.244957
0.675708 0.0068715 0.243429
0.676654 0.00678695 0.241892
0.677588 0.00670236 0.240346
0.678509 0.0066181 0.23879
0.679417 0.00653346 0.237226
0.680313 0.00644991 0.235652
0.681193 0.00636667 0.234071
0.68206 0.00628354 0.23248
0.682916 0.00620137 0.230881
0.683761 0.00611953 0.229273
0.684589 0.0060383 0.227658
0.685404 0.00595725 0.226034
0.686203 0.00587727 0.224403
0.686994 0.00579758 0.222763
0.68777 0.00571978 0.221116
0.688534 0.00564226 0.219461
0.689284 0.00556586 0.217798
0.690021 0.00548992 0.216128
0.690742 0.00541579 0.214451
0.691453 0.00534289 0.212767
0.692148 0.00527072 0.211076
0.692832 0.00519866 0.209377
0.693503 0.00512889 0.207671
0.69416 0.00505986 0.205958
0.694801 0.00499323 0.204239
0.695432 0.00492676 0.202513
0.696049 0.0048624 0.200781
0.696651 0.00479786 0.199042
0.697243 0.00473578 0.197297
0.697821 0.00467432 0.195545
0.698381 0.00461467 0.193787
0.698931 0.00455639 0.192023
0.699468 0.00449871 0.190253
0.69999 0.00444322 0.188476
0.700499 0.00438931 0.186694
0.700995 0.00433567 0.184906
0.701479 0.00428396 0.183111
0.701948 0.00423324 0.181311
0.702402 0.00418374 0.179505
0.702843 0.00413541 0.177694
0.703268 0.00408919 0.175877
0.703679 0.00404318 0.174055
0.704078 0.00399908 0.172227
0.704465 0.00395617 0.170393
0.70484 0.00391354 0.168553
0.705199 0.00387266 0.166708
0.705544 0.00383217 0.164858
0.705872 0.0037937 0.163002
0.706186 0.00375571 0.161142
0.706487 0.00371833 0.159275
0.706776 0.00368154 0.157404
0.707052 0.00364614 0.155527
0.707315 0.00361142 0.153644
0.707564 0.0035778 0.151756
0.707794 0.00354418 0.149864
0.70801 0.0035113 0.147967
0.708213 0.00347982 0.146063
0.708404 0.00344804 0.144155
0.70858 0.00341636 0.142241
0.708741 0.0033852 0.140323
0.70889 0.00335459 0.138399
0.709022 0.0033245 0.136471
0.70914 0.00329379 0.134537
0.709243 0.00326351 0.132597
0.709331 0.00323232 0.130653
0.709408 0.00320223 0.128704
0.70947 0.0031722 0.126749
0.709515 0.00314177 0.12479
0.709548 0.00311075 0.122826
0.709566 0.00307915 0.120856
0.709569 0.00304792 0.118882
0.709556 0.00301557 0.116901
0.70953 0.00298325 0.114917
0.709487 0.00294952 0.112927
0.709432 0.00291562 0.110933
0.709362 0.00288108 0.108934
0.709277 0.00284565 0.106929
0.709176 0.00280946 0.104919
0.70906 0.00277156 0.102905
0.70893 0.00273441 0.100886
0.708787 0.00269527 0.0988621
0.708627 0.00265562 0.0968333
0.708453 0.00261361 0.0947995
0.708261 0.00257148 0.0927621
0.708055 0.00252842 0.0907185
0.707839 0.00248347 0.0886711
0.707607 0.00243768 0.0866192
0.707359 0.00239125 0.0845626
0.707097 0.00234296 0.0825013
0.70682 0.00229356 0.0804362
0.706526 0.00224325 0.0783666
0.706218 0.0021902 0.0762922
0.705895 0.00213708 0.0742139
0.705559 0.00208185 0.0721316
0.705207 0.00202726 0.0700461
0.704842 0.00196996 0.0679559
0.704461 0.00191165 0.0658619
0.704064 0.00185216 0.063764
0.703653 0.00179142 0.0616631
0.703229 0.00172961 0.0595589
0.702789 0.00166699 0.057451
0.702334 0.00160315 0.0553402
0.701866 0.00153929 0.0532265
0.701382 0.00147348 0.0511099
0.700883 0.00140778 0.0489906
0.700372 0.00134034 0.0468685
0.699846 0.00127399 0.0447446
0.699305 0.00120607 0.0426181
0.698751 0.00113669 0.0404893
0.698181 0.00106928 0.0383597
0.697597 0.0010007 0.036228
0.697001 0.000931832 0.0340949
0.69639 0.000863789 0.0319607
0.695765 0.00079638 0.0298262
0.695126 0.000728408 0.0276902
0.694474 0.000663161 0.0255549
0.693809 0.000596773 0.0234183
0.693129 0.000532431 0.0212829
0.692436 0.000468946 0.0191475
0.69173 0.000407308 0.0170128
0.69101 0.000347748 0.0148791
0.690276 0.000290109 0.0127474
0.689528 0.000234235 0.0106166
0.688766 0.000180769 0.00848825
0.687988 0.000129911 0.0063627
0.68719 8.19723e-05 0.00423977
0.686354 3.61656e-05 0.00212119
0.685634 3.46966e-18 -3.46923e-18
