0.0000 0.0000 0.0000 0.0000
0.0012 -0.0018 0.0019 0.0016
0.0025 -0.0035 0.0039 0.0037
0.0037 -0.0053 0.0060 0.0063
0.0050 -0.0070 0.0082 0.0094
0.0062 -0.0088 0.0104 0.0130
0.0075 -0.0105 0.0128 0.0169
0.0087 -0.0123 0.0153 0.0213
0.0100 -0.0140 0.0178 0.0261
0.0113 -0.0158 0.0204 0.0312
0.0125 -0.0175 0.0231 0.0366
0.0138 -0.0192 0.0258 0.0424
0.0151 -0.0210 0.0286 0.0485
0.0164 -0.0227 0.0315 0.0549
0.0177 -0.0244 0.0344 0.0615
0.0190 -0.0261 0.0374 0.0684
0.0203 -0.0279 0.0404 0.0755
0.0216 -0.0296 0.0434 0.0829
0.0229 -0.0313 0.0466 0.0904
0.0242 -0.0330 0.0497 0.0981
0.0255 -0.0347 0.0529 0.1060
0.0269 -0.0364 0.0561 0.1140
0.0282 -0.0381 0.0594 0.1222
0.0295 -0.0398 0.0626 0.1305
0.0309 -0.0415 0.0659 0.1389
0.0322 -0.0431 0.0693 0.1474
0.0336 -0.0448 0.0726 0.1560
0.0349 -0.0465 0.0760 0.1647
0.0363 -0.0482 0.0793 0.1734
0.0376 -0.0498 0.0827 0.1822
0.0390 -0.0515 0.0861 0.1910
0.0404 -0.0531 0.0896 0.1998
0.0418 -0.0548 0.0930 0.2087
0.0432 -0.0565 0.0964 0.2175
0.0445 -0.0581 0.0999 0.2264
0.0459 -0.0597 0.1033 0.2352
0.0473 -0.0614 0.1067 0.2440
0.0488 -0.0630 0.1102 0.2528
0.0502 -0.0646 0.1136 0.2616
0.0516 -0.0662 0.1170 0.2703
0.0530 -0.0679 0.1204 0.2790
0.0544 -0.0695 0.1239 0.2876
0.0559 -0.0711 0.1273 0.2961
0.0573 -0.0727 0.1306 0.3046
0.0588 -0.0743 0.1340 0.3129
0.0602 -0.0759 0.1374 0.3212
0.0617 -0.0775 0.1407 0.3294
0.0631 -0.0790 0.1441 0.3375
0.0646 -0.0806 0.1474 0.3455
0.0661 -0.0822 0.1507 0.3534
0.0675 -0.0838 0.1540 0.3612
0.0690 -0.0853 0.1573 0.3689
0.0705 -0.0869 0.1605 0.3764
0.0720 -0.0884 0.1638 0.3838
0.0735 -0.0900 0.1670 0.3911
0.0750 -0.0915 0.1702 0.3983
0.0765 -0.0930 0.1734 0.4053
0.0780 -0.0946 0.1766 0.4122
0.0796 -0.0961 0.1797 0.4189
0.0811 -0.0976 0.1828 0.4255
0.0826 -0.0991 0.1859 0.4320
0.0842 -0.1006 0.1890 0.4383
0.0857 -0.1021 0.1920 0.4445
0.0873 -0.1036 0.1950 0.4505
0.0888 -0.1051 0.1980 0.4563
0.0904 -0.1066 0.2010 0.4620
0.0920 -0.1081 0.2039 0.4676
0.0935 -0.1096 0.2068 0.4730
0.0951 -0.1110 0.2097 0.4782
0.0967 -0.1125 0.2125 0.4832
0.0983 -0.1139 0.2154 0.4882
0.0999 -0.1154 0.2182 0.4929
0.1015 -0.1168 0.2210 0.4975
0.1031 -0.1182 0.2237 0.5019
0.1047 -0.1197 0.2264 0.5062
0.1063 -0.1211 0.2291 0.5103
0.1079 -0.1225 0.2318 0.5142
0.1096 -0.1239 0.2344 0.5180
0.1112 -0.1253 0.2370 0.5216
0.1128 -0.1267 0.2396 0.5251
0.1145 -0.1281 0.2422 0.5284
0.1161 -0.1295 0.2447 0.5315
0.1178 -0.1309 0.2472 0.5345
0.1195 -0.1322 0.2497 0.5374
0.1211 -0.1336 0.2522 0.5400
0.1228 -0.1350 0.2546 0.5425
0.1245 -0.1363 0.2570 0.5449
0.1262 -0.1376 0.2594 0.5471
0.1279 -0.1390 0.2617 0.5492
0.1296 -0.1403 0.2640 0.5511
0.1313 -0.1416 0.2664 0.5529
0.1330 -0.1429 0.2686 0.5545
0.1347 -0.1442 0.2709 0.5560
0.1364 -0.1455 0.2731 0.5573
0.1381 -0.1468 0.2753 0.5585
0.1399 -0.1481 0.2775 0.5596
0.1416 -0.1494 0.2797 0.5605
0.1433 -0.1507 0.2818 0.5613
0.1451 -0.1519 0.2839 0.5619
0.1468 -0.1532 0.2860 0.5625
0.1486 -0.1544 0.2881 0.5629
0.1503 -0.1557 0.2901 0.5631
0.1521 -0.1569 0.2922 0.5633
0.1539 -0.1581 0.2942 0.5633
0.1557 -0.1593 0.2961 0.5632
0.1574 -0.1606 0.2981 0.5630
0.1592 -0.1618 0.3001 0.5626
0.1610 -0.1629 0.3020 0.5622
0.1628 -0.1641 0.3039 0.5616
0.1646 -0.1653 0.3058 0.5610
0.1664 -0.1665 0.3077 0.5602
0.1682 -0.1676 0.3095 0.5593
0.1701 -0.1688 0.3114 0.5584
0.1719 -0.1699 0.3132 0.5573
0.1737 -0.1711 0.3150 0.5561
0.1755 -0.1722 0.3168 0.5549
0.1774 -0.1733 0.3186 0.5535
0.1792 -0.1745 0.3203 0.5521
0.1811 -0.1756 0.3221 0.5505
0.1829 -0.1767 0.3238 0.5489
0.1848 -0.1778 0.3256 0.5472
0.1866 -0.1788 0.3273 0.5455
0.1885 -0.1799 0.3290 0.5436
0.1904 -0.1810 0.3307 0.5417
0.1923 -0.1820 0.3324 0.5397
0.1941 -0.1831 0.3341 0.5376
0.1960 -0.1841 0.3357 0.5355
0.1979 -0.1852 0.3374 0.5333
0.1998 -0.1862 0.3391 0.5310
0.2017 -0.1872 0.3407 0.5287
0.2036 -0.1882 0.3424 0.5263
0.2055 -0.1892 0.3440 0.5239
0.2074 -0.1902 0.3456 0.5214
0.2094 -0.1912 0.3472 0.5189
0.2113 -0.1921 0.3489 0.5163
0.2132 -0.1931 0.3505 0.5137
0.2151 -0.1941 0.3521 0.5110
0.2171 -0.1950 0.3537 0.5083
0.2190 -0.1959 0.3553 0.5056
0.2210 -0.1969 0.3568 0.5028
0.2229 -0.1978 0.3584 0.5000
0.2249 -0.1987 0.3600 0.4971
0.2268 -0.1996 0.3616 0.4943
0.2288 -0.2005 0.3632 0.4914
0.2307 -0.2014 0.3647 0.4884
0.2327 -0.2023 0.3663 0.4855
0.2347 -0.2031 0.3679 0.4825
0.2367 -0.2040 0.3694 0.4795
0.2386 -0.2048 0.3710 0.4765
0.2406 -0.2057 0.3726 0.4735
0.2426 -0.2065 0.3741 0.4704
0.2446 -0.2073 0.3757 0.4674
0.2466 -0.2081 0.3772 0.4643
0.2486 -0.2089 0.3788 0.4612
0.2506 -0.2097 0.3804 0.4582
0.2526 -0.2105 0.3819 0.4551
0.2546 -0.2113 0.3835 0.4520
0.2566 -0.2120 0.3851 0.4489
0.2586 -0.2128 0.3866 0.4458
0.2607 -0.2136 0.3882 0.4427
0.2627 -0.2143 0.3898 0.4397
0.2647 -0.2150 0.3913 0.4366
0.2667 -0.2157 0.3929 0.4335
0.2688 -0.2164 0.3945 0.4304
0.2708 -0.2172 0.3961 0.4274
0.2728 -0.2178 0.3977 0.4243
0.2749 -0.2185 0.3993 0.4213
0.2769 -0.2192 0.4008 0.4183
0.2790 -0.2199 0.4024 0.4153
0.2810 -0.2205 0.4040 0.4123
0.2831 -0.2212 0.4057 0.4093
0.2852 -0.2218 0.4073 0.4064
0.2872 -0.2224 0.4089 0.4034
0.2893 -0.2230 0.4105 0.4005
0.2913 -0.2236 0.4121 0.3976
0.2934 -0.2242 0.4138 0.3947
0.2955 -0.2248 0.4154 0.3919
0.2976 -0.2254 0.4170 0.3891
0.2996 -0.2260 0.4187 0.3863
0.3017 -0.2265 0.4203 0.3835
0.3038 -0.2271 0.4220 0.3807
0.3059 -0.2276 0.4237 0.3780
0.3080 -0.2281 0.4253 0.3753
0.3101 -0.2287 0.4270 0.3727
0.3122 -0.2292 0.4287 0.3700
0.3143 -0.2297 0.4304 0.3674
0.3164 -0.2302 0.4321 0.3649
0.3185 -0.2306 0.4338 0.3623
0.3206 -0.2311 0.4355 0.3598
0.3227 -0.2316 0.4372 0.3573
0.3248 -0.2320 0.4389 0.3549
0.3269 -0.2325 0.4407 0.3525
0.3290 -0.2329 0.4424 0.3501
0.3311 -0.2333 0.4441 0.3477
0.3332 -0.2337 0.4459 0.3454
0.3353 -0.2341 0.4476 0.3432
0.3374 -0.2345 0.4494 0.3409
0.3396 -0.2349 0.4512 0.3387
0.3417 -0.2353 0.4529 0.3365
0.3438 -0.2356 0.4547 0.3344
0.3459 -0.2360 0.4565 0.3323
0.3481 -0.2363 0.4583 0.3302
0.3502 -0.2367 0.4601 0.3282
0.3523 -0.2370 0.4619 0.3262
0.3545 -0.2373 0.4637 0.3243
0.3566 -0.2376 0.4655 0.3223
0.3587 -0.2379 0.4674 0.3205
0.3609 -0.2382 0.4692 0.3186
0.3630 -0.2384 0.4710 0.3168
0.3651 -0.2387 0.4729 0.3150
0.3673 -0.2390 0.4747 0.3133
0.3694 -0.2392 0.4766 0.3116
0.3716 -0.2394 0.4785 0.3099
0.3737 -0.2396 0.4803 0.3083
0.3758 -0.2399 0.4822 0.3067
0.3780 -0.2401 0.4841 0.3051
0.3801 -0.2403 0.4860 0.3036
0.3823 -0.2404 0.4879 0.3021
0.3844 -0.2406 0.4898 0.3007
0.3866 -0.2408 0.4917 0.2993
0.3887 -0.2409 0.4936 0.2979
0.3909 -0.2411 0.4955 0.2965
0.3930 -0.2412 0.4975 0.2952
0.3952 -0.2413 0.4994 0.2939
0.3973 -0.2414 0.5013 0.2926
0.3995 -0.2416 0.5032 0.2914
0.4016 -0.2416 0.5052 0.2902
0.4038 -0.2417 0.5071 0.2891
0.4059 -0.2418 0.5091 0.2880
0.4081 -0.2419 0.5110 0.2869
0.4102 -0.2419 0.5130 0.2858
0.4124 -0.2420 0.5150 0.2847
0.4145 -0.2420 0.5169 0.2837
0.4167 -0.2420 0.5189 0.2828
0.4188 -0.2420 0.5209 0.2818
0.4210 -0.2420 0.5229 0.2809
0.4232 -0.2420 0.5248 0.2800
0.4253 -0.2420 0.5268 0.2791
0.4275 -0.2420 0.5288 0.2783
0.4296 -0.2420 0.5308 0.2774
0.4318 -0.2419 0.5328 0.2767
0.4339 -0.2419 0.5348 0.2759
0.4361 -0.2418 0.5368 0.2751
0.4382 -0.2417 0.5388 0.2744
0.4404 -0.2416 0.5408 0.2737
0.4425 -0.2416 0.5428 0.2730
0.4447 -0.2414 0.5448 0.2724
0.4468 -0.2413 0.5468 0.2717
0.4490 -0.2412 0.5488 0.2711
0.4511 -0.2411 0.5508 0.2705
0.4533 -0.2409 0.5528 0.2700
0.4554 -0.2408 0.5548 0.2694
0.4576 -0.2406 0.5568 0.2689
0.4597 -0.2405 0.5589 0.2683
0.4619 -0.2403 0.5609 0.2678
0.4640 -0.2401 0.5629 0.2673
0.4662 -0.2399 0.5649 0.2669
0.4683 -0.2397 0.5669 0.2664
0.4705 -0.2395 0.5689 0.2660
0.4726 -0.2392 0.5709 0.2655
0.4747 -0.2390 0.5729 0.2651
0.4769 -0.2387 0.5750 0.2647
0.4790 -0.2385 0.5770 0.2643
0.4812 -0.2382 0.5790 0.2639
0.4833 -0.2379 0.5810 0.2635
0.4854 -0.2376 0.5830 0.2632
0.4876 -0.2374 0.5850 0.2628
0.4897 -0.2370 0.5870 0.2625
0.4918 -0.2367 0.5890 0.2621
0.4939 -0.2364 0.5910 0.2618
0.4961 -0.2361 0.5930 0.2615
0.4982 -0.2357 0.5950 0.2612
0.5003 -0.2354 0.5970 0.2609
0.5025 -0.2350 0.5990 0.2606
0.5046 -0.2346 0.6010 0.2603
0.5067 -0.2343 0.6030 0.2600
0.5088 -0.2339 0.6050 0.2597
0.5109 -0.2335 0.6070 0.2594
0.5130 -0.2331 0.6090 0.2591
0.5152 -0.2327 0.6109 0.2588
0.5173 -0.2322 0.6129 0.2585
0.5194 -0.2318 0.6149 0.2582
0.5215 -0.2314 0.6168 0.2580
0.5236 -0.2309 0.6188 0.2577
0.5257 -0.2304 0.6207 0.2574
0.5278 -0.2300 0.6227 0.2571
0.5299 -0.2295 0.6247 0.2568
0.5320 -0.2290 0.6266 0.2565
0.5341 -0.2285 0.6286 0.2563
0.5362 -0.2280 0.6305 0.2560
0.5383 -0.2275 0.6324 0.2557
0.5404 -0.2269 0.6344 0.2554
0.5425 -0.2264 0.6363 0.2551
0.5445 -0.2259 0.6382 0.2548
0.5466 -0.2253 0.6401 0.2545
0.5487 -0.2248 0.6420 0.2541
0.5508 -0.2242 0.6439 0.2538
0.5529 -0.2236 0.6458 0.2535
0.5549 -0.2230 0.6477 0.2532
0.5570 -0.2224 0.6496 0.2528
0.5591 -0.2218 0.6515 0.2525
0.5611 -0.2212 0.6534 0.2521
0.5632 -0.2206 0.6552 0.2518
0.5653 -0.2200 0.6571 0.2514
0.5673 -0.2193 0.6590 0.2510
0.5694 -0.2187 0.6608 0.2506
0.5714 -0.2180 0.6627 0.2502
0.5735 -0.2174 0.6645 0.2498
0.5755 -0.2167 0.6663 0.2494
0.5776 -0.2160 0.6682 0.2490
0.5796 -0.2153 0.6700 0.2486
0.5816 -0.2147 0.6718 0.2481
0.5837 -0.2140 0.6736 0.2477
0.5857 -0.2132 0.6754 0.2472
0.5877 -0.2125 0.6772 0.2468
0.5898 -0.2118 0.6790 0.2463
0.5918 -0.2111 0.6808 0.2458
0.5938 -0.2103 0.6826 0.2453
0.5958 -0.2096 0.6844 0.2448
0.5979 -0.2088 0.6861 0.2442
0.5999 -0.2080 0.6879 0.2437
0.6019 -0.2073 0.6896 0.2432
0.6039 -0.2065 0.6914 0.2426
0.6059 -0.2057 0.6931 0.2420
0.6079 -0.2049 0.6948 0.2414
0.6099 -0.2041 0.6966 0.2408
0.6119 -0.2033 0.6983 0.2402
0.6139 -0.2025 0.7000 0.2396
0.6159 -0.2016 0.7017 0.2390
0.6178 -0.2008 0.7034 0.2384
0.6198 -0.2000 0.7051 0.2377
0.6218 -0.1991 0.7068 0.2370
0.6238 -0.1983 0.7085 0.2364
0.6258 -0.1974 0.7101 0.2357
0.6277 -0.1965 0.7118 0.2350
0.6297 -0.1957 0.7134 0.2342
0.6317 -0.1948 0.7151 0.2335
0.6336 -0.1939 0.7167 0.2328
0.6356 -0.1930 0.7184 0.2320
0.6375 -0.1921 0.7200 0.2313
0.6395 -0.1912 0.7216 0.2305
0.6414 -0.1902 0.7232 0.2297
0.6434 -0.1893 0.7249 0.2289
0.6453 -0.1884 0.7265 0.2281
0.6473 -0.1874 0.7281 0.2273
0.6492 -0.1865 0.7296 0.2264
0.6511 -0.1856 0.7312 0.2256
0.6531 -0.1846 0.7328 0.2247
0.6550 -0.1836 0.7343 0.2239
0.6569 -0.1827 0.7359 0.2230
0.6588 -0.1817 0.7375 0.2221
0.6607 -0.1807 0.7390 0.2212
0.6627 -0.1797 0.7406 0.2203
0.6646 -0.1787 0.7421 0.2193
0.6665 -0.1777 0.7436 0.2184
0.6684 -0.1767 0.7451 0.2174
0.6703 -0.1757 0.7467 0.2165
0.6722 -0.1747 0.7482 0.2155
0.6741 -0.1736 0.7497 0.2145
0.6760 -0.1726 0.7512 0.2135
0.6778 -0.1716 0.7527 0.2125
0.6797 -0.1705 0.7541 0.2115
0.6816 -0.1695 0.7556 0.2105
0.6835 -0.1684 0.7571 0.2095
0.6854 -0.1674 0.7585 0.2084
0.6872 -0.1663 0.7600 0.2074
0.6891 -0.1652 0.7614 0.2063
0.6910 -0.1641 0.7629 0.2052
0.6928 -0.1631 0.7643 0.2042
0.6947 -0.1620 0.7658 0.2031
0.6965 -0.1609 0.7672 0.2020
0.6984 -0.1598 0.7686 0.2009
0.7002 -0.1587 0.7700 0.1997
0.7021 -0.1576 0.7714 0.1986
0.7039 -0.1564 0.7728 0.1975
0.7058 -0.1553 0.7742 0.1963
0.7076 -0.1542 0.7756 0.1952
0.7094 -0.1531 0.7770 0.1940
0.7113 -0.1519 0.7784 0.1928
0.7131 -0.1508 0.7798 0.1917
0.7149 -0.1497 0.7812 0.1905
0.7168 -0.1485 0.7825 0.1893
0.7186 -0.1474 0.7839 0.1881
0.7204 -0.1462 0.7853 0.1869
0.7222 -0.1451 0.7866 0.1857
0.7240 -0.1439 0.7879 0.1844
0.7258 -0.1427 0.7893 0.1832
0.7276 -0.1416 0.7906 0.1820
0.7294 -0.1404 0.7920 0.1807
0.7312 -0.1392 0.7933 0.1795
0.7330 -0.1380 0.7946 0.1782
0.7348 -0.1368 0.7959 0.1770
0.7366 -0.1356 0.7972 0.1757
0.7384 -0.1344 0.7985 0.1744
0.7402 -0.1332 0.7999 0.1731
0.7420 -0.1320 0.8012 0.1718
0.7438 -0.1308 0.8024 0.1705
0.7456 -0.1296 0.8037 0.1692
0.7473 -0.1284 0.8050 0.1679
0.7491 -0.1272 0.8063 0.1666
0.7509 -0.1260 0.8076 0.1653
0.7527 -0.1247 0.8089 0.1639
0.7544 -0.1235 0.8101 0.1626
0.7562 -0.1223 0.8114 0.1613
0.7580 -0.1211 0.8127 0.1599
0.7597 -0.1198 0.8139 0.1585
0.7615 -0.1186 0.8152 0.1572
0.7633 -0.1173 0.8164 0.1558
0.7650 -0.1161 0.8177 0.1545
0.7668 -0.1148 0.8189 0.1531
0.7685 -0.1136 0.8202 0.1517
0.7703 -0.1123 0.8214 0.1503
0.7720 -0.1111 0.8226 0.1489
0.7738 -0.1098 0.8239 0.1475
0.7755 -0.1086 0.8251 0.1461
0.7773 -0.1073 0.8263 0.1447
0.7790 -0.1061 0.8276 0.1433
0.7808 -0.1048 0.8288 0.1418
0.7825 -0.1035 0.8300 0.1404
0.7843 -0.1023 0.8312 0.1390
0.7860 -0.1010 0.8324 0.1375
0.7877 -0.0997 0.8336 0.1361
0.7895 -0.0984 0.8348 0.1346
0.7912 -0.0972 0.8360 0.1331
0.7929 -0.0959 0.8372 0.1317
0.7947 -0.0946 0.8384 0.1302
0.7964 -0.0933 0.8396 0.1287
0.7981 -0.0920 0.8408 0.1272
0.7999 -0.0908 0.8420 0.1257
0.8016 -0.0895 0.8432 0.1242
0.8033 -0.0882 0.8444 0.1227
0.8051 -0.0869 0.8456 0.1212
0.8068 -0.0856 0.8467 0.1197
0.8085 -0.0843 0.8479 0.1182
0.8102 -0.0830 0.8491 0.1166
0.8120 -0.0818 0.8503 0.1151
0.8137 -0.0805 0.8514 0.1135
0.8154 -0.0792 0.8526 0.1120
0.8171 -0.0779 0.8538 0.1104
0.8189 -0.0766 0.8549 0.1089
0.8206 -0.0753 0.8561 0.1073
0.8223 -0.0740 0.8573 0.1057
0.8240 -0.0727 0.8584 0.1041
0.8258 -0.0714 0.8596 0.1025
0.8275 -0.0701 0.8608 0.1009
0.8292 -0.0688 0.8619 0.0993
0.8309 -0.0676 0.8631 0.0977
0.8327 -0.0663 0.8642 0.0961
0.8344 -0.0650 0.8654 0.0944
0.8361 -0.0637 0.8665 0.0928
0.8378 -0.0624 0.8677 0.0911
0.8396 -0.0611 0.8688 0.0895
0.8413 -0.0598 0.8700 0.0878
0.8430 -0.0585 0.8711 0.0861
0.8447 -0.0572 0.8723 0.0845
0.8465 -0.0559 0.8734 0.0828
0.8482 -0.0547 0.8746 0.0811
0.8499 -0.0534 0.8757 0.0794
0.8516 -0.0521 0.8769 0.0777
0.8534 -0.0508 0.8780 0.0759
0.8551 -0.0495 0.8792 0.0742
0.8568 -0.0482 0.8803 0.0725
0.8586 -0.0470 0.8814 0.0707
0.8603 -0.0457 0.8826 0.0690
0.8620 -0.0444 0.8837 0.0672
0.8638 -0.0431 0.8849 0.0655
0.8655 -0.0419 0.8860 0.0637
0.8672 -0.0406 0.8872 0.0619
0.8690 -0.0393 0.8883 0.0601
0.8707 -0.0380 0.8894 0.0583
0.8725 -0.0368 0.8906 0.0565
0.8742 -0.0355 0.8917 0.0547
0.8760 -0.0342 0.8929 0.0529
0.8777 -0.0330 0.8940 0.0511
0.8794 -0.0317 0.8952 0.0492
0.8812 -0.0305 0.8963 0.0474
0.8829 -0.0292 0.8975 0.0456
0.8847 -0.0280 0.8986 0.0437
0.8865 -0.0267 0.8998 0.0419
0.8882 -0.0255 0.9009 0.0400
0.8900 -0.0242 0.9021 0.0381
0.8917 -0.0230 0.9032 0.0363
0.8935 -0.0217 0.9044 0.0344
0.8953 -0.0205 0.9056 0.0325
0.8970 -0.0193 0.9067 0.0306
0.8988 -0.0180 0.9079 0.0287
0.9006 -0.0168 0.9090 0.0268
0.9023 -0.0156 0.9102 0.0249
0.9041 -0.0144 0.9114 0.0230
0.9059 -0.0132 0.9125 0.0211
0.9077 -0.0119 0.9137 0.0192
0.9094 -0.0107 0.9149 0.0173
0.9112 -0.0095 0.9161 0.0154
0.9130 -0.0083 0.9172 0.0134
0.9148 -0.0071 0.9184 0.0115
0.9166 -0.0059 0.9196 0.0096
0.9184 -0.0047 0.9208 0.0077
0.9202 -0.0035 0.9220 0.0058
0.9220 -0.0024 0.9232 0.0038
0.9238 -0.0012 0.9244 0.0019
0.9256 0.0000 0.9256 0.0000
