0 0 0 0
0.00215398 1.32423e-06 -0.00022868 0.00249181
0.00430796 6.52147e-06 -0.000816785 0.00530149
0.00646191 1.67456e-05 -0.00175974 0.00852215
0.00861584 3.19849e-05 -0.00303477 0.0120906
0.0107697 5.2326e-05 -0.0046265 0.0159917
0.0129236 7.78573e-05 -0.00651879 0.0202097
0.0150773 0.00010864 -0.00869503 0.0247263
0.017231 0.000144768 -0.0111411 0.0295271
0.0193846 0.000186294 -0.0138421 0.0345966
0.021538 0.000233302 -0.0167825 0.0399212
0.0236914 0.000285807 -0.0199495 0.0454836
0.0258446 0.000343944 -0.0233302 0.0512719
0.0279976 0.000407766 -0.0269067 0.0572736
0.0301505 0.000477274 -0.0306715 0.0634733
0.0323031 0.000552554 -0.0346096 0.0698574
0.0344556 0.000633688 -0.0387107 0.0764129
0.0366078 0.000720784 -0.042962 0.0831289
0.0387598 0.000813907 -0.0473477 0.0899968
0.0409115 0.000912991 -0.05186 0.0970016
0.0430629 0.00101821 -0.0564891 0.104133
0.045214 0.00112945 -0.0612234 0.111378
0.0473648 0.00124696 -0.0660526 0.118727
0.0495152 0.00137074 -0.0709681 0.126171
0.0516652 0.00150078 -0.0759604 0.133698
0.0538149 0.00163725 -0.081021 0.141297
0.0559641 0.00178015 -0.08614 0.14896
0.0581129 0.00192968 -0.0913087 0.156679
0.0602612 0.0020858 -0.0965108 0.164453
0.062409 0.00224844 -0.101744 0.172267
0.0645564 0.00241767 -0.107002 0.180112
0.0667031 0.00259355 -0.112277 0.187981
0.0688494 0.00277624 -0.117561 0.195867
0.070995 0.00296559 -0.122847 0.20376
0.07314 0.00316173 -0.128128 0.211656
0.0752844 0.00336483 -0.133402 0.219543
0.0774281 0.00357486 -0.138659 0.227419
0.0795712 0.00379189 -0.143893 0.235277
0.0817135 0.00401587 -0.149098 0.243111
0.083855 0.00424704 -0.154268 0.250915
0.0859958 0.00448522 -0.159399 0.258684
0.0881357 0.00473071 -0.164485 0.266412
0.0902748 0.00498331 -0.169522 0.274093
0.0924131 0.00524323 -0.174506 0.281723
0.0945504 0.00551052 -0.17943 0.289299
0.0966868 0.00578516 -0.184292 0.296814
0.0988222 0.00606716 -0.189087 0.304266
0.100957 0.00635657 -0.193811 0.311649
0.10309 0.00665353 -0.198461 0.31896
0.105222 0.00695804 -0.203032 0.326196
0.107354 0.00727011 -0.207523 0.333353
0.109484 0.00758983 -0.211918 0.34044
0.111613 0.0079171 -0.216223 0.347442
0.113741 0.00825193 -0.220437 0.354358
0.115867 0.00859437 -0.224558 0.361182
0.117992 0.00894457 -0.228585 0.367913
0.120116 0.00930249 -0.232514 0.374547
0.122239 0.0096682 -0.236344 0.381084
0.124361 0.0100416 -0.240071 0.387521
0.126481 0.0104229 -0.243695 0.393856
0.128599 0.0108122 -0.247212 0.400089
0.130716 0.0112092 -0.250622 0.406217
0.132832 0.0116143 -0.253924 0.412238
0.134946 0.0120272 -0.257115 0.418152
0.137058 0.0124481 -0.260196 0.423956
0.139169 0.0128769 -0.263165 0.429651
0.141278 0.0133138 -0.26602 0.435235
0.143386 0.0137588 -0.268761 0.440707
0.145492 0.0142119 -0.271388 0.446066
0.147596 0.0146732 -0.273899 0.451312
0.149698 0.0151426 -0.276295 0.456445
0.151798 0.0156202 -0.278574 0.461465
0.153897 0.016106 -0.280737 0.46637
0.155993 0.0166001 -0.282785 0.471159
0.158088 0.0171023 -0.284717 0.475834
0.16018 0.0176128 -0.286532 0.480394
0.162271 0.0181314 -0.28823 0.484841
0.164359 0.0186585 -0.289812 0.489174
0.166446 0.0191938 -0.291279 0.493392
0.16853 0.0197377 -0.292631 0.497496
0.170612 0.0202897 -0.293868 0.501487
0.172692 0.0208503 -0.29499 0.505367
0.174769 0.0214191 -0.295999 0.509132
0.176845 0.0219964 -0.296894 0.512788
0.178917 0.0225822 -0.297677 0.516335
0.180988 0.0231763 -0.298348 0.51977
0.183056 0.0237789 -0.29891 0.523095
0.185121 0.0243902 -0.299361 0.526314
0.187184 0.0250098 -0.299703 0.529426
0.189244 0.0256379 -0.299936 0.532433
0.191302 0.0262745 -0.300063 0.535335
0.193357 0.0269197 -0.300086 0.538132
0.19541 0.0275734 -0.300006 0.540826
0.197459 0.0282357 -0.299823 0.543418
0.199506 0.0289067 -0.299539 0.545909
0.20155 0.0295863 -0.299152 0.548305
0.203591 0.0302745 -0.298665 0.550604
0.205629 0.0309711 -0.298083 0.552805
0.207665 0.0316764 -0.297406 0.554912
0.209697 0.03239 -0.296633 0.556925
0.211726 0.0331126 -0.295765 0.55885
0.213752 0.0338437 -0.294811 0.560679
0.215775 0.0345835 -0.293765 0.562421
0.217795 0.0353321 -0.29263 0.564078
0.219811 0.0360892 -0.291411 0.565646
0.221825 0.036855 -0.290107 0.567132
0.223834 0.0376296 -0.288717 0.568538
0.225841 0.0384127 -0.287248 0.569862
0.227844 0.0392045 -0.285698 0.571107
0.229844 0.040005 -0.284069 0.572277
0.23184 0.0408143 -0.282361 0.573374
0.233833 0.0416322 -0.28058 0.574395
0.235822 0.0424588 -0.278727 0.575345
0.237807 0.0432941 -0.276802 0.576225
0.239789 0.0441382 -0.274806 0.577038
0.241767 0.044991 -0.272743 0.577785
0.243741 0.0458523 -0.270611 0.578469
0.245711 0.0467225 -0.268417 0.579089
0.247678 0.0476012 -0.266162 0.579646
0.249641 0.0484886 -0.263845 0.580146
0.251599 0.0493846 -0.261468 0.580588
0.253554 0.0502893 -0.259032 0.580979
0.255505 0.0512029 -0.256539 0.581316
0.257451 0.0521248 -0.253988 0.581605
0.259394 0.0530556 -0.251381 0.581848
0.261332 0.053995 -0.248721 0.582046
0.263266 0.0549429 -0.246012 0.582197
0.265196 0.0558997 -0.243257 0.582304
0.267122 0.0568651 -0.240454 0.582368
0.269043 0.057839 -0.237608 0.582393
0.27096 0.0588214 -0.234721 0.582377
0.272872 0.0598125 -0.231793 0.582324
0.27478 0.0608122 -0.228829 0.582232
0.276684 0.0618204 -0.225829 0.582105
0.278583 0.0628373 -0.222791 0.581949
0.280477 0.0638626 -0.219721 0.581761
0.282367 0.0648963 -0.216619 0.581543
0.284252 0.0659385 -0.213486 0.581298
0.286132 0.0669894 -0.210323 0.581028
0.288008 0.0680487 -0.207133 0.580734
0.289878 0.0691166 -0.203918 0.580417
0.291744 0.0701928 -0.200683 0.580076
0.293605 0.0712773 -0.197423 0.579714
0.295461 0.0723705 -0.194142 0.579337
0.297312 0.073472 -0.190839 0.578943
0.299158 0.0745818 -0.187521 0.578533
0.300999 0.0757001 -0.184185 0.578109
0.302835 0.0768267 -0.180837 0.577672
0.304666 0.0779618 -0.177473 0.577224
0.306491 0.0791053 -0.174096 0.576767
0.308311 0.0802572 -0.170709 0.576303
0.310126 0.0814171 -0.167312 0.575829
0.311936 0.0825854 -0.163906 0.575351
0.31374 0.083762 -0.160494 0.574869
0.315539 0.084947 -0.157075 0.574384
0.317332 0.0861402 -0.153653 0.573895
0.31912 0.0873415 -0.150228 0.573406
0.320902 0.0885511 -0.146801 0.572918
0.322679 0.0897686 -0.143374 0.572428
0.32445 0.0909944 -0.139948 0.571943
0.326215 0.0922284 -0.136522 0.571461
0.327975 0.0934705 -0.133097 0.570985
0.329729 0.0947207 -0.129674 0.570517
0.331477 0.0959789 -0.126257 0.570054
0.33322 0.0972452 -0.122848 0.569598
0.334956 0.0985197 -0.119443 0.569153
0.336687 0.0998022 -0.116049 0.568713
0.338411 0.101093 -0.112666 0.568282
0.34013 0.102391 -0.109288 0.567867
0.341843 0.103697 -0.105919 0.567466
0.343549 0.105012 -0.10256 0.56708
0.34525 0.106334 -0.0992132 0.566706
0.346944 0.107664 -0.0958823 0.566345
0.348632 0.109002 -0.0925679 0.565995
0.350314 0.110347 -0.0892648 0.565667
0.35199 0.111701 -0.0859749 0.565356
0.353659 0.113062 -0.0827011 0.565063
0.355322 0.114432 -0.0794461 0.564785
0.356979 0.115808 -0.0762088 0.564527
0.358629 0.117193 -0.0729878 0.564288
0.360273 0.118585 -0.0697843 0.564072
0.36191 0.119985 -0.0666 0.563875
0.363541 0.121392 -0.063438 0.563695
0.365165 0.122806 -0.0602939 0.56354
0.366783 0.124229 -0.0571692 0.563408
0.368394 0.125658 -0.0540664 0.563296
0.369998 0.127095 -0.0509823 0.563211
0.371596 0.12854 -0.04792 0.56315
0.373187 0.129992 -0.0448834 0.563107
0.374771 0.131452 -0.0418721 0.563087
0.376348 0.132918 -0.0388815 0.563094
0.377919 0.134392 -0.0359113 0.563128
0.379482 0.135874 -0.0329673 0.563183
0.381039 0.137362 -0.0300492 0.563263
0.382589 0.138858 -0.0271556 0.563366
0.384131 0.140362 -0.0242852 0.563498
0.385667 0.141872 -0.0214371 0.563658
0.387195 0.14339 -0.0186135 0.563843
0.388717 0.144914 -0.0158153 0.564054
0.390232 0.146446 -0.0130465 0.564285
0.391739 0.147984 -0.0103044 0.564543
0.39324 0.14953 -0.00758407 0.564831
0.394732 0.151083 -0.00488967 0.565144
0.396218 0.152642 -0.00222177 0.565483
0.397697 0.154209 0.000420049 0.565848
0.399168 0.155782 0.00303521 0.566239
0.400632 0.157362 0.00562498 0.566657
0.402088 0.158949 0.00819028 0.567101
0.403537 0.160543 0.01073 0.567573
0.404979 0.162143 0.0132439 0.568069
0.406413 0.16375 0.0157296 0.56859
0.40784 0.165364 0.0181888 0.569134
0.409259 0.166984 0.0206237 0.569708
0.410671 0.168612 0.023033 0.570306
0.412075 0.170245 0.0254151 0.570928
0.413472 0.171885 0.0277722 0.571575
0.41486 0.173531 0.0301063 0.572249
0.416242 0.175184 0.0324123 0.572947
0.417615 0.176843 0.0346946 0.57367
0.418981 0.178509 0.0369538 0.574418
0.42034 0.18018 0.0391888 0.57519
0.42169 0.181858 0.0413969 0.575983
0.423033 0.183542 0.043582 0.576801
0.424368 0.185232 0.045742 0.577639
0.425695 0.186929 0.0478779 0.578502
0.427014 0.188632 0.0499887 0.579386
0.428326 0.19034 0.0520768 0.580293
0.429629 0.192055 0.0541433 0.581222
0.430925 0.193776 0.0561865 0.582173
0.432212 0.195503 0.0582071 0.583145
0.433492 0.197236 0.0602032 0.584134
0.434764 0.198974 0.0621778 0.585146
0.436028 0.200719 0.0641337 0.586179
0.437283 0.202469 0.0660709 0.587235
0.438531 0.204225 0.0679856 0.588307
0.43977 0.205986 0.0698753 0.589395
0.441002 0.207753 0.0717465 0.590503
0.442225 0.209526 0.0735971 0.591627
0.443441 0.211304 0.075428 0.592768
0.444648 0.213088 0.0772431 0.593931
0.445847 0.214877 0.0790395 0.595109
0.447038 0.216672 0.0808151 0.596301
0.448221 0.218472 0.0825712 0.597507
0.449395 0.220277 0.0843106 0.59873
0.450562 0.222088 0.086035 0.59997
0.451719 0.223904 0.0877407 0.601222
0.452869 0.225726 0.0894265 0.602487
0.45401 0.227553 0.0910954 0.603763
0.455143 0.229385 0.092754 0.605057
0.456268 0.231222 0.0943964 0.606362
0.457385 0.233064 0.0960219 0.607677
0.458493 0.234912 0.0976299 0.609003
0.459592 0.236764 0.0992282 0.610342
0.460684 0.238621 0.100813 0.611691
0.461766 0.240483 0.102385 0.613052
0.462841 0.24235 0.103942 0.61442
0.463907 0.244222 0.10548 0.615792
0.464965 0.246098 0.107009 0.617173
0.466015 0.247979 0.108531 0.618567
0.467056 0.249864 0.11004 0.619967
0.468089 0.251755 0.111539 0.621376
0.469112 0.25365 0.113029 0.622795
0.470128 0.255549 0.11451 0.624218
0.471136 0.257453 0.115978 0.625643
0.472134 0.259361 0.117434 0.627073
0.473124 0.261274 0.118884 0.628508
0.474106 0.263192 0.120325 0.629947
0.475079 0.265113 0.121759 0.631393
0.476044 0.267039 0.123185 0.632841
0.477 0.268969 0.124602 0.634291
0.477948 0.270903 0.126019 0.635747
0.478887 0.272841 0.127426 0.637203
0.479819 0.274783 0.128824 0.638657
0.48074 0.27673 0.130216 0.640112
0.481654 0.27868 0.131603 0.641569
0.482559 0.280635 0.132987 0.64303
0.483456 0.282593 0.13437 0.644493
0.484344 0.284555 0.135747 0.645953
0.485223 0.286522 0.13712 0.647414
0.486094 0.288492 0.138488 0.648871
0.486956 0.290466 0.139849 0.650322
0.48781 0.292444 0.141208 0.651771
0.488656 0.294425 0.142565 0.65322
0.489492 0.29641 0.143921 0.654665
0.490321 0.298398 0.145274 0.656106
0.49114 0.30039 0.146627 0.657544
0.491952 0.302386 0.147984 0.658985
0.492755 0.304384 0.149338 0.660419
0.493549 0.306387 0.150687 0.661846
0.494335 0.308392 0.152032 0.663261
0.495112 0.310402 0.153379 0.664676
0.49588 0.312414 0.154734 0.66609
0.496641 0.314429 0.156085 0.667492
0.497393 0.316447 0.157436 0.668888
0.498136 0.318469 0.158788 0.670279
0.498871 0.320493 0.160142 0.671661
0.499598 0.322521 0.161495 0.673035
0.500317 0.324551 0.162855 0.674405
0.501026 0.326585 0.164214 0.675766
0.501727 0.328622 0.16557 0.677114
0.502419 0.330662 0.16693 0.678454
0.503103 0.332704 0.168299 0.679791
0.503779 0.33475 0.16967 0.681122
0.504447 0.336797 0.171042 0.682438
0.505106 0.338848 0.172417 0.683744
0.505758 0.340901 0.173797 0.685042
0.5064 0.342957 0.175181 0.686333
0.507034 0.345015 0.176567 0.687612
0.50766 0.347076 0.177957 0.68888
0.508278 0.34914 0.17935 0.690135
0.508887 0.351206 0.180749 0.691384
0.509488 0.353275 0.182155 0.692624
0.510081 0.355346 0.183562 0.693849
0.510666 0.357418 0.184972 0.695061
0.511243 0.359494 0.186388 0.696261
0.511811 0.361572 0.187809 0.697452
0.51237 0.363653 0.189236 0.698634
0.512921 0.365735 0.190668 0.699804
0.513465 0.36782 0.192106 0.700961
0.514001 0.369906 0.193552 0.70211
0.514528 0.371995 0.195004 0.70325
0.515048 0.374085 0.19646 0.704372
0.51556 0.376177 0.197914 0.705474
0.516064 0.378271 0.199375 0.706566
0.51656 0.380367 0.200845 0.707651
0.517048 0.382465 0.202326 0.708727
0.517528 0.384565 0.203811 0.709791
0.517999 0.386667 0.205298 0.710837
0.518463 0.388771 0.206789 0.711869
0.51892 0.390876 0.208291 0.712894
0.519369 0.392982 0.209797 0.713903
0.51981 0.395091 0.211303 0.714893
0.520242 0.397201 0.212822 0.715878
0.520668 0.399312 0.214346 0.716852
0.521085 0.401425 0.215877 0.717813
0.521494 0.40354 0.217411 0.718758
0.521897 0.405656 0.21895 0.719689
0.522292 0.407773 0.220501 0.720612
0.522679 0.409892 0.222059 0.721524
0.523059 0.412012 0.22362 0.722422
0.523432 0.414133 0.225184 0.723303
0.523797 0.416256 0.226753 0.724171
0.524155 0.41838 0.228334 0.725032
0.524505 0.420505 0.229919 0.725879
0.524848 0.422631 0.231513 0.726717
0.525184 0.424758 0.233105 0.727535
0.525513 0.426887 0.2347 0.728336
0.525834 0.429017 0.236302 0.729129
0.526148 0.431148 0.237915 0.729915
0.526454 0.43328 0.239535 0.730691
0.526755 0.435413 0.241161 0.731454
0.527048 0.437546 0.242791 0.732203
0.527334 0.439681 0.244424 0.732938
0.527612 0.441817 0.246061 0.73366
0.527885 0.443954 0.247706 0.734373
0.52815 0.446091 0.249358 0.735076
0.528409 0.448229 0.251014 0.735766
0.528661 0.450369 0.252673 0.736442
0.528906 0.452508 0.254336 0.737106
0.529145 0.454649 0.25601 0.737767
0.529378 0.45679 0.257689 0.738413
0.529604 0.458932 0.259368 0.739044
0.529823 0.461074 0.261048 0.73966
0.530036 0.463218 0.262736 0.74027
0.530242 0.465362 0.264431 0.740873
0.530441 0.467507 0.266133 0.741468
0.530634 0.469653 0.267833 0.742045
0.530821 0.471799 0.269539 0.742613
0.531002 0.473945 0.271251 0.743173
0.531177 0.476093 0.27297 0.743725
0.531346 0.47824 0.27469 0.744265
0.53151 0.480388 0.276413 0.744793
0.531668 0.482536 0.278142 0.74531
0.53182 0.484684 0.279873 0.745816
0.531966 0.486833 0.281608 0.746314
0.532106 0.488982 0.283348 0.746805
0.53224 0.491133 0.285095 0.747289
0.532368 0.493283 0.286838 0.747758
0.532491 0.495434 0.288588 0.74822
0.532608 0.497585 0.290342 0.748674
0.53272 0.499736 0.292103 0.74912
0.532827 0.501887 0.293866 0.749558
0.53293 0.504038 0.295633 0.749986
0.533028 0.50619 0.2974 0.750402
0.53312 0.508341 0.299169 0.750809
0.533205 0.510493 0.30094 0.751206
0.533286 0.512646 0.302719 0.7516
0.533363 0.514798 0.304501 0.751987
0.533435 0.516951 0.306287 0.752365
0.533502 0.519104 0.308077 0.752737
0.533563 0.521257 0.309867 0.753099
0.53362 0.52341 0.311656 0.75345
0.533672 0.525564 0.313449 0.753794
0.533721 0.527717 0.315248 0.754132
0.533765 0.529871 0.31705 0.754462
0.533806 0.532024 0.318856 0.754786
0.533841 0.534177 0.320661 0.755099
0.533873 0.536331 0.32247 0.755407
0.5339 0.538485 0.324284 0.755711
0.533922 0.540639 0.326099 0.756007
0.53394 0.542793 0.327916 0.756294
0.533955 0.544947 0.329735 0.756575
0.533967 0.547101 0.331559 0.756848
0.533976 0.549254 0.333389 0.757116
0.533981 0.551408 0.335224 0.757381
0.533982 0.553562 0.337059 0.757638
0.533978 0.555716 0.338893 0.757885
0.533971 0.557871 0.340727 0.758126
0.53396 0.560025 0.342566 0.758361
0.533946 0.56218 0.344409 0.758592
0.533929 0.564334 0.346254 0.758813
0.533911 0.566488 0.348101 0.759027
0.53389 0.568641 0.349954 0.759237
0.533865 0.570795 0.35181 0.759441
0.533838 0.572949 0.353669 0.759639
0.533807 0.575102 0.35553 0.75983
0.533775 0.577256 0.357398 0.760019
0.53374 0.579409 0.359268 0.760201
0.533703 0.581563 0.36114 0.760375
0.533662 0.583717 0.363013 0.760545
0.533618 0.585871 0.364889 0.760707
0.533572 0.588025 0.366767 0.760861
0.533525 0.590178 0.368648 0.761008
0.533478 0.592332 0.370536 0.761153
0.533428 0.594485 0.372432 0.761295
0.533376 0.596638 0.374331 0.761434
0.53332 0.598793 0.37623 0.761564
0.533261 0.600947 0.378128 0.761686
0.533203 0.6031 0.380033 0.761803
0.533144 0.605254 0.381944 0.761914
0.533086 0.607407 0.383861 0.762021
0.533024 0.609559 0.385779 0.762119
0.532961 0.611713 0.387699 0.762213
0.532897 0.613866 0.389625 0.762302
0.532832 0.616019 0.391556 0.762386
0.532766 0.618172 0.393492 0.762465
0.532699 0.620325 0.395433 0.762538
0.53263 0.622479 0.397377 0.762605
0.532562 0.624631 0.399325 0.762665
0.532495 0.626784 0.401279 0.762721
0.532427 0.628937 0.403239 0.762771
0.532359 0.631089 0.405205 0.762818
0.532291 0.633242 0.407176 0.762859
0.532221 0.635395 0.409149 0.762892
0.532151 0.637548 0.411128 0.762921
0.532081 0.639701 0.413112 0.762947
0.53201 0.641854 0.415101 0.762965
0.53194 0.644007 0.417095 0.762979
0.53187 0.646161 0.419094 0.762987
0.531801 0.648314 0.421099 0.76299
0.531733 0.650466 0.423112 0.762987
0.531666 0.65262 0.425131 0.76298
0.531599 0.654772 0.427153 0.762967
0.531532 0.656925 0.429181 0.762948
0.531468 0.659078 0.431216 0.762925
0.531405 0.66123 0.433259 0.762896
0.531343 0.663383 0.435306 0.762862
0.531282 0.665536 0.43736 0.762822
0.531221 0.667689 0.439419 0.76278
0.531162 0.669842 0.441482 0.762732
0.531103 0.671996 0.443552 0.762679
0.531045 0.674149 0.445628 0.762622
0.53099 0.676302 0.447711 0.762561
0.530938 0.678455 0.449802 0.762494
0.530888 0.680608 0.451899 0.762423
0.530838 0.682761 0.454001 0.762346
0.53079 0.684915 0.456109 0.762266
0.530746 0.687068 0.458223 0.762182
0.530704 0.689221 0.460343 0.762092
0.530664 0.691374 0.46247 0.762
0.530626 0.693528 0.464604 0.761904
0.530589 0.695681 0.466743 0.761803
0.530555 0.697835 0.468887 0.761701
0.530524 0.699988 0.471038 0.761594
0.530496 0.702142 0.473196 0.761484
0.530471 0.704296 0.475361 0.761372
0.530448 0.70645 0.477529 0.761256
0.530427 0.708604 0.479702 0.761137
0.530409 0.710758 0.481881 0.761014
0.530396 0.712912 0.484066 0.76089
0.530387 0.715066 0.486258 0.760763
0.530381 0.717219 0.488457 0.760634
0.530379 0.719373 0.490659 0.760504
0.530378 0.721527 0.492866 0.760372
0.53038 0.723681 0.495077 0.760239
0.530387 0.725836 0.497293 0.760105
0.530397 0.727989 0.499513 0.759969
0.53041 0.730144 0.501738 0.759833
0.530427 0.732298 0.503966 0.759697
0.530449 0.734452 0.5062 0.759561
0.530474 0.736606 0.508437 0.759424
0.530505 0.73876 0.51068 0.759289
0.53054 0.740913 0.512925 0.759153
0.53058 0.743066 0.515175 0.759018
0.530624 0.74522 0.517428 0.758886
0.530671 0.747373 0.519682 0.758754
0.530723 0.749527 0.521939 0.758625
0.530778 0.75168 0.524199 0.758498
0.530839 0.753833 0.526464 0.758372
0.530906 0.755986 0.528738 0.75825
0.530976 0.758138 0.530976 0.758138
