0 0 0
7.00055e-06 -1.55248e-07 0.00215385
2.7e-05 -3.06126e-07 0.0043077
6.10044e-05 -4.58781e-07 0.00646154
0.000107999 -3.25958e-07 0.00861468
0.000169 -1.73151e-07 0.0107678
0.000244006 -3.65253e-08 0.012921
0.000331998 -3.09297e-07 0.0150727
0.000433012 -5.89096e-07 0.0172244
0.000547985 -5.63109e-07 0.0193754
0.00067598 -2.43809e-07 0.0215257
0.000817989 -3.33596e-07 0.0236746
0.000974006 5.37514e-07 0.0258235
0.00114298 -6.7117e-07 0.0279703
0.00132501 9.08143e-08 0.0301171
0.00152103 -2.62821e-07 0.0322617
0.00173099 -3.04898e-07 0.0344057
0.001954 2.37209e-07 0.0365482
0.00219001 3.38121e-07 0.0386893
0.00244002 -6.16144e-07 0.0408283
0.00270302 6.44152e-07 0.0429666
0.00298 8.02922e-07 0.0451028
0.00327003 -1.6457e-07 0.0472368
0.00357296 4.72101e-07 0.0493695
0.00389 -1.91084e-08 0.0515
0.00422103 3.87317e-07 0.0536284
0.00456403 -3.34539e-07 0.0557547
0.00492105 -1.55465e-07 0.0578788
0.00529199 -2.18184e-07 0.0600009
0.00567497 -2.46605e-08 0.0621201
0.00607204 1.12572e-07 0.0642371
0.00648205 1.09154e-07 0.0663521
0.00690596 2.25804e-07 0.0684642
0.00734301 5.00316e-07 0.0705735
0.00779302 -7.30416e-07 0.0726793
0.008256 -8.03952e-08 0.0747829
0.00873294 -2.80588e-07 0.0768837
0.00922199 7.16975e-07 0.0789817
0.00972497 1.7801e-07 0.0810761
0.010241 7.73447e-08 0.0831671
0.01077 1.78693e-07 0.0852552
0.0113119 -3.45068e-07 0.0873397
0.011868 -2.65635e-07 0.0894207
0.012436 2.31883e-07 0.0914981
0.013018 -1.81557e-07 0.0935729
0.013612 -3.83075e-07 0.0956425
0.0142191 4.49929e-07 0.0977094
0.0148401 5.14893e-08 0.0997721
0.015473 1.98872e-07 0.101831
0.016119 -7.297e-07 0.103885
0.016779 3.08108e-08 0.105936
0.017451 -3.93152e-08 0.107983
0.0181359 9.71149e-09 0.110025
0.018833 -2.22764e-08 0.112063
0.0195439 1.7584e-08 0.114096
0.020267 4.05788e-07 0.116125
0.021003 9.68864e-08 0.118149
0.021752 2.86759e-07 0.120169
0.022513 -1.7519e-07 0.122184
0.023287 2.03067e-07 0.124194
0.024074 3.30784e-07 0.126199
0.0248731 7.07092e-08 0.128199
0.025685 -3.30837e-07 0.130195
0.0265091 -5.66298e-07 0.132184
0.0273459 2.79211e-07 0.134169
0.028195 1.79507e-07 0.136149
0.029057 4.99484e-07 0.138123
0.029931 7.09087e-08 0.140092
0.030817 -1.55465e-08 0.142055
0.0317159 1.74114e-07 0.144012
0.032627 4.70193e-07 0.145965
0.0335501 5.29973e-07 0.14791
0.034486 -2.67249e-07 0.149851
0.0354331 -2.55742e-07 0.151785
0.036393 -7.65203e-08 0.153713
0.037365 -3.37722e-07 0.155636
0.0383489 -2.10544e-07 0.157552
0.039345 -2.02038e-07 0.159462
0.0403531 3.19158e-07 0.161365
0.041372 4.71589e-07 0.163263
0.042404 2.88929e-07 0.165153
0.0434481 -3.4329e-07 0.167038
0.044503 1.35084e-07 0.168915
0.0455701 -4.27364e-09 0.170786
0.046649 6.26416e-07 0.172651
0.0477401 3.60592e-07 0.174508
0.0488419 -2.2207e-08 0.176359
0.0499559 2.494e-07 0.178202
0.0510819 -3.98173e-07 0.180039
0.052219 -1.08652e-07 0.181868
0.053367 8.69577e-08 0.18369
0.0545271 2.60733e-07 0.185505
0.055698 1.70163e-07 0.187313
0.056881 6.65345e-07 0.189114
0.0580749 1.06189e-07 0.190906
0.0592799 -2.62126e-07 0.192692
0.060496 3.1828e-07 0.194469
0.061723 1.05278e-07 0.196239
0.0629621 -1.36576e-07 0.198002
0.0642119 2.11655e-07 0.199756
0.0654721 -6.80625e-08 0.201503
0.0667439 7.30119e-07 0.203242
0.068026 1.5695e-08 0.204972
0.0693191 2.34508e-07 0.206694
0.0706241 -7.54446e-07 0.208408
0.0719381 -5.06835e-07 0.210115
0.0732641 -6.33088e-07 0.211812
0.0746 2.78255e-07 0.213502
0.075947 9.533e-08 0.215183
0.077304 -3.84156e-07 0.216855
0.0786721 -7.53922e-07 0.218519
0.08005 -3.06395e-07 0.220175
0.081439 -3.29559e-07 0.221821
0.0828378 -1.45141e-07 0.22346
0.0842469 -6.18465e-07 0.225088
0.0856657 -9.37802e-09 0.226709
0.0870959 -9.86882e-08 0.22832
0.0885349 2.73395e-07 0.229922
0.0899848 1.90741e-07 0.231515
0.0914449 2.12744e-07 0.233099
0.092914 -8.3275e-08 0.234674
0.094394 5.32484e-08 0.23624
0.0958831 -1.88046e-07 0.237796
0.0973823 -3.38122e-07 0.239343
0.09889 2.13325e-07 0.24088
0.100409 2.08083e-07 0.242408
0.101937 3.5028e-07 0.243926
0.103474 3.10152e-07 0.245435
0.105021 -3.79362e-07 0.246934
0.106577 4.95496e-07 0.248424
0.108143 -9.13966e-08 0.249903
0.109717 2.21633e-07 0.251372
0.111301 -3.39128e-07 0.252832
0.112895 -6.77394e-07 0.254281
0.114497 -1.3066e-08 0.255721
0.116108 -4.02924e-07 0.257151
0.117728 -5.35013e-09 0.25857
0.119357 5.57534e-09 0.259979
0.120995 -3.41346e-07 0.261378
0.122642 -4.05797e-07 0.262767
0.124297 -3.07003e-07 0.264145
0.125961 4.9117e-08 0.265513
0.127634 -4.17282e-09 0.26687
0.129315 6.37514e-08 0.268217
0.131004 -4.56132e-07 0.269553
0.132702 4.045e-07 0.270879
0.134408 5.71739e-09 0.272193
0.136122 6.58358e-07 0.273498
0.137845 -1.77086e-07 0.274791
0.139576 -2.21919e-07 0.276073
0.141314 -2.48761e-07 0.277345
0.143061 8.87042e-08 0.278605
0.144815 -2.74839e-07 0.279854
0.146577 4.0651e-07 0.281093
0.148347 -5.62035e-08 0.282321
0.150125 1.24212e-07 0.283537
0.15191 2.14852e-07 0.284742
0.153703 4.26733e-07 0.285936
0.155504 -5.57803e-07 0.287118
0.157311 1.50194e-07 0.28829
0.159126 -1.72528e-07 0.28945
0.160949 2.09749e-07 0.290598
0.162778 1.70841e-07 0.291735
0.164615 -6.24456e-07 0.29286
0.166458 -2.4426e-07 0.293975
0.168309 1.17648e-07 0.295077
0.170166 3.57172e-07 0.296168
0.172031 4.26612e-07 0.297246
0.173902 -6.60118e-07 0.298313
0.175779 2.34138e-07 0.299369
0.177664 1.6843e-07 0.300413
0.179554 4.31488e-07 0.301444
0.181452 2.76482e-07 0.302464
0.183355 -1.90224e-07 0.303472
0.185265 3.37386e-07 0.304468
0.187181 -3.52752e-07 0.305452
0.189103 -2.16759e-07 0.306424
0.191032 -5.52993e-07 0.307383
0.192966 2.27878e-07 0.308331
0.194906 -4.87612e-07 0.309267
0.196852 2.1169e-07 0.31019
0.198804 -3.86838e-08 0.311101
0.200762 -2.00193e-07 0.311999
0.202725 4.47945e-07 0.312886
0.204694 2.74616e-07 0.31376
0.206668 -4.59476e-07 0.314622
0.208647 -2.2431e-07 0.315471
0.210632 1.16579e-07 0.316308
0.212622 -2.9422e-08 0.317132
0.214617 -3.8931e-07 0.317943
0.216618 2.82311e-07 0.318743
0.218623 -5.40343e-07 0.31953
0.220633 -1.41457e-07 0.320304
0.222648 2.22485e-07 0.321065
0.224667 -5.37007e-07 0.321813
0.226692 -4.41927e-07 0.322549
0.228721 -5.73222e-08 0.323273
0.230754 5.41891e-07 0.323984
0.232792 6.01699e-07 0.324682
0.234834 -1.07221e-07 0.325366
0.236881 3.10635e-07 0.326038
0.238931 6.48736e-07 0.326698
0.240986 -2.34946e-07 0.327344
0.243045 -2.40171e-07 0.327977
0.245107 2.9404e-07 0.328597
0.247174 -4.28233e-08 0.329205
0.249244 5.70521e-07 0.3298
0.251318 -9.06384e-08 0.330381
0.253396 3.35793e-07 0.330949
0.255477 5.40471e-07 0.331504
0.257562 -1.17594e-07 0.332047
0.25965 -2.6352e-07 0.332576
0.261741 -1.46545e-07 0.333092
0.263835 -4.74185e-07 0.333595
0.265933 -7.2234e-08 0.334084
0.268034 -4.17577e-07 0.33456
0.270137 -4.61309e-07 0.335024
0.272244 -1.27255e-08 0.335474
0.274353 1.72472e-07 0.335911
0.276465 7.14044e-07 0.336335
0.278579 -3.06186e-07 0.336745
0.280696 -3.57549e-07 0.337142
0.282816 2.32335e-07 0.337525
0.284938 -8.83282e-07 0.337895
0.287062 -7.32919e-07 0.338253
0.289188 -2.49155e-08 0.338596
0.291317 3.23585e-07 0.338926
0.293447 -1.82141e-07 0.339243
0.29558 1.14935e-07 0.339547
0.297714 -2.64102e-08 0.339837
0.29985 -4.76076e-07 0.340113
0.301988 6.75275e-08 0.340377
0.304128 -3.49432e-07 0.340627
0.306269 5.7292e-08 0.340863
0.308411 -2.12105e-07 0.341086
0.310555 5.50296e-07 0.341296
0.3127 4.64591e-07 0.341492
0.314846 -2.16687e-07 0.341674
0.316993 -3.27109e-08 0.341843
0.319142 5.69782e-07 0.341998
0.321291 -8.80387e-08 0.34214
0.323441 -1.25752e-07 0.342269
0.325592 -1.9553e-07 0.342384
0.327744 -2.13802e-08 0.342485
0.329896 3.37073e-07 0.342573
0.332049 -5.20338e-07 0.342648
0.334202 -4.18292e-07 0.342708
0.336355 -3.08552e-07 0.342756
0.338509 -2.05611e-07 0.34279
0.340663 3.92448e-07 0.34281
0.342817 -2.12688e-07 0.342817
0.344971 3.92448e-07 0.34281
0.347125 -2.05611e-07 0.34279
0.349278 -3.08552e-07 0.342756
0.351432 -4.18292e-07 0.342708
0.353585 -5.20338e-07 0.342648
0.355738 3.37073e-07 0.342573
0.35789 -2.13802e-08 0.342485
0.360041 -1.9553e-07 0.342384
0.362192 -1.25752e-07 0.342269
0.364342 -8.80387e-08 0.34214
0.366492 5.69782e-07 0.341998
0.36864 -3.27109e-08 0.341843
0.370787 -2.16687e-07 0.341674
0.372934 4.64591e-07 0.341492
0.375079 5.50296e-07 0.341296
0.377222 -2.12105e-07 0.341086
0.379365 5.7292e-08 0.340863
0.381506 -3.49432e-07 0.340627
0.383645 6.75275e-08 0.340377
0.385783 -4.76076e-07 0.340113
0.387919 -2.64102e-08 0.339837
0.390054 1.14935e-07 0.339547
0.392186 -1.82141e-07 0.339243
0.394317 3.23585e-07 0.338926
0.396445 -2.49155e-08 0.338596
0.398572 -7.32919e-07 0.338253
0.400696 -8.83282e-07 0.337895
0.402818 2.32335e-07 0.337525
0.404937 -3.57549e-07 0.337142
0.407054 -3.06186e-07 0.336745
0.409169 7.14044e-07 0.336335
0.411281 1.72472e-07 0.335911
0.41339 -1.27255e-08 0.335474
0.415496 -4.61309e-07 0.335024
0.4176 -4.17577e-07 0.33456
0.419701 -7.2234e-08 0.334084
0.421798 -4.74185e-07 0.333595
0.423893 -1.46545e-07 0.333092
0.425984 -2.6352e-07 0.332576
0.428072 -1.17594e-07 0.332047
0.430156 5.40471e-07 0.331504
0.432238 3.35793e-07 0.330949
0.434315 -9.06384e-08 0.330381
0.436389 5.70521e-07 0.3298
0.43846 -4.28233e-08 0.329205
0.440526 2.9404e-07 0.328597
0.442589 -2.40171e-07 0.327977
0.444648 -2.34946e-07 0.327344
0.446702 6.48736e-07 0.326698
0.448753 3.10635e-07 0.326038
0.450799 -1.07221e-07 0.325366
0.452842 6.01699e-07 0.324682
0.454879 5.41891e-07 0.323984
0.456913 -5.73222e-08 0.323273
0.458942 -4.41927e-07 0.322549
0.460966 -5.37007e-07 0.321813
0.462986 2.22485e-07 0.321065
0.465001 -1.41457e-07 0.320304
0.467011 -5.40343e-07 0.31953
0.469016 2.82311e-07 0.318743
0.471016 -3.8931e-07 0.317943
0.473011 -2.9422e-08 0.317132
0.475001 1.16579e-07 0.316308
0.476986 -2.2431e-07 0.315471
0.478966 -4.59476e-07 0.314622
0.48094 2.74616e-07 0.31376
0.482909 4.47945e-07 0.312886
0.484872 -2.00193e-07 0.311999
0.486829 -3.86838e-08 0.311101
0.488781 2.1169e-07 0.31019
0.490727 -4.87612e-07 0.309267
0.492667 2.27878e-07 0.308331
0.494602 -5.52993e-07 0.307383
0.49653 -2.16759e-07 0.306424
0.498452 -3.52752e-07 0.305452
0.500368 3.37386e-07 0.304468
0.502278 -1.90224e-07 0.303472
0.504182 2.76482e-07 0.302464
0.506079 4.31488e-07 0.301444
0.50797 1.6843e-07 0.300413
0.509854 2.34138e-07 0.299369
0.511732 -6.60118e-07 0.298313
0.513603 4.26612e-07 0.297246
0.515467 3.57172e-07 0.296168
0.517325 1.17648e-07 0.295077
0.519175 -2.4426e-07 0.293975
0.521019 -6.24456e-07 0.29286
0.522855 1.70841e-07 0.291735
0.524685 2.09749e-07 0.290598
0.526507 -1.72528e-07 0.28945
0.528322 1.50194e-07 0.28829
0.53013 -5.57803e-07 0.287118
0.53193 4.26733e-07 0.285936
0.533723 2.14852e-07 0.284742
0.535508 1.24212e-07 0.283537
0.537286 -5.62035e-08 0.282321
0.539056 4.0651e-07 0.281093
0.540818 -2.74839e-07 0.279854
0.542573 8.87042e-08 0.278605
0.544319 -2.48761e-07 0.277345
0.546058 -2.21919e-07 0.276073
0.547789 -1.77086e-07 0.274791
0.549511 6.58358e-07 0.273498
0.551226 5.71739e-09 0.272193
0.552932 4.045e-07 0.270879
0.554629 -4.56132e-07 0.269553
0.556319 6.37514e-08 0.268217
0.558 -4.17282e-09 0.26687
0.559672 4.9117e-08 0.265513
0.561336 -3.07003e-07 0.264145
0.562992 -4.05797e-07 0.262767
0.564638 -3.41346e-07 0.261378
0.566276 5.57534e-09 0.259979
0.567905 -5.35013e-09 0.25857
0.569526 -4.02924e-07 0.257151
0.571137 -1.3066e-08 0.255721
0.572739 -6.77394e-07 0.254281
0.574332 -3.39128e-07 0.252832
0.575916 2.21633e-07 0.251372
0.577491 -9.13966e-08 0.249903
0.579057 4.95496e-07 0.248424
0.580613 -3.79362e-07 0.246934
0.58216 3.10152e-07 0.245435
0.583697 3.5028e-07 0.243926
0.585225 2.08083e-07 0.242408
0.586743 2.13325e-07 0.24088
0.588252 -3.38122e-07 0.239343
0.589751 -1.88046e-07 0.237796
0.59124 5.32484e-08 0.23624
0.592719 -8.3275e-08 0.234674
0.594189 2.12744e-07 0.233099
0.595649 1.90741e-07 0.231515
0.597098 2.73395e-07 0.229922
0.598538 -9.86882e-08 0.22832
0.599967 -9.37802e-09 0.226709
0.601387 -6.18465e-07 0.225088
0.602796 -1.45141e-07 0.22346
0.604195 -3.29559e-07 0.221821
0.605583 -3.06395e-07 0.220175
0.606962 -7.53922e-07 0.218519
0.608329 -3.84156e-07 0.216855
0.609687 9.533e-08 0.215183
0.611033 2.78255e-07 0.213502
0.61237 -6.33088e-07 0.211812
0.613695 -5.06835e-07 0.210115
0.61501 -7.54446e-07 0.208408
0.616314 2.34508e-07 0.206694
0.617607 1.5695e-08 0.204972
0.61889 7.30119e-07 0.203242
0.620161 -6.80625e-08 0.201503
0.621422 2.11655e-07 0.199756
0.622672 -1.36576e-07 0.198002
0.62391 1.05278e-07 0.196239
0.625138 3.1828e-07 0.194469
0.626354 -2.62126e-07 0.192692
0.627559 1.06189e-07 0.190906
0.628753 6.65345e-07 0.189114
0.629935 1.70163e-07 0.187313
0.631107 2.60733e-07 0.185505
0.632267 8.69577e-08 0.18369
0.633415 -1.08652e-07 0.181868
0.634552 -3.98173e-07 0.180039
0.635677 2.494e-07 0.178202
0.636791 -2.2207e-08 0.176359
0.637894 3.60592e-07 0.174508
0.638984 6.26416e-07 0.172651
0.640063 -4.27364e-09 0.170786
0.64113 1.35084e-07 0.168915
0.642186 -3.4329e-07 0.167038
0.643229 2.88929e-07 0.165153
0.644261 4.71589e-07 0.163263
0.645281 3.19158e-07 0.161365
0.646289 -2.02038e-07 0.159462
0.647285 -2.10544e-07 0.157552
0.648269 -3.37722e-07 0.155636
0.649241 -7.65203e-08 0.153713
0.6502 -2.55742e-07 0.151785
0.651148 -2.67249e-07 0.149851
0.652083 5.29973e-07 0.14791
0.653007 4.70193e-07 0.145965
0.653918 1.74114e-07 0.144012
0.654816 -1.55465e-08 0.142055
0.655703 7.09087e-08 0.140092
0.656577 4.99484e-07 0.138123
0.657438 1.79507e-07 0.136149
0.658288 2.79211e-07 0.134169
0.659124 -5.66298e-07 0.132184
0.659949 -3.30837e-07 0.130195
0.660761 7.07092e-08 0.128199
0.66156 3.30784e-07 0.126199
0.662346 2.03067e-07 0.124194
0.66312 -1.7519e-07 0.122184
0.663882 2.86759e-07 0.120169
0.664631 9.68864e-08 0.118149
0.665367 4.05788e-07 0.116125
0.66609 1.7584e-08 0.114096
0.6668 -2.22764e-08 0.112063
0.667498 9.71149e-09 0.110025
0.668183 -3.93152e-08 0.107983
0.668855 3.08108e-08 0.105936
0.669514 -7.297e-07 0.103885
0.67016 1.98872e-07 0.101831
0.670794 5.14893e-08 0.0997721
0.671414 4.49929e-07 0.0977094
0.672022 -3.83075e-07 0.0956425
0.672616 -1.81557e-07 0.0935729
0.673197 2.31883e-07 0.0914981
0.673766 -2.65635e-07 0.0894207
0.674321 -3.45068e-07 0.0873397
0.674863 1.78693e-07 0.0852552
0.675392 7.73447e-08 0.0831671
0.675908 1.7801e-07 0.0810761
0.676411 7.16975e-07 0.0789817
0.676901 -2.80588e-07 0.0768837
0.677377 -8.03952e-08 0.0747829
0.677841 -7.30416e-07 0.0726793
0.678291 5.00316e-07 0.0705735
0.678728 2.25804e-07 0.0684642
0.679151 1.09154e-07 0.0663521
0.679561 1.12572e-07 0.0642371
0.679958 -2.46605e-08 0.0621201
0.680342 -2.18184e-07 0.0600009
0.680712 -1.55465e-07 0.0578788
0.681069 -3.34539e-07 0.0557547
0.681413 3.87317e-07 0.0536284
0.681743 -1.91084e-08 0.0515
0.68206 4.72101e-07 0.0493695
0.682364 -1.6457e-07 0.0472368
0.682654 8.02922e-07 0.0451028
0.68293 6.44152e-07 0.0429666
0.683194 -6.16144e-07 0.0408283
0.683443 3.38121e-07 0.0386893
0.68368 2.37209e-07 0.0365482
0.683903 -3.04898e-07 0.0344057
0.684112 -2.62821e-07 0.0322617
0.684308 9.08143e-08 0.0301171
0.684491 -6.7117e-07 0.0279703
0.68466 5.37514e-07 0.0258235
0.684815 -3.33596e-07 0.0236746
0.684957 -2.43809e-07 0.0215257
0.685086 -5.63109e-07 0.0193754
0.685201 -5.89096e-07 0.0172244
0.685302 -3.09297e-07 0.0150727
0.68539 -3.65253e-08 0.012921
0.685464 -1.73151e-07 0.0107678
0.685525 -3.25958e-07 0.00861468
0.685573 -4.58781e-07 0.00646154
0.685607 -3.06126e-07 0.0043077
0.685627 -1.55248e-07 0.00215385
0.685634 0 0
