0 0 2.65669 0 0.910759 0.000107117 0.412938
0.00430796 0.342092 2.64746 0.0124282 0.903568 -0.00103733 0.428443
0.00861593 0.331523 2.63838 0.0247542 0.896584 -0.00291181 0.442864
0.0129239 0.320842 2.62958 0.0369723 0.889854 -0.00549824 0.456212
0.0172319 0.310054 2.62105 0.0490775 0.883418 -0.00877678 0.468503
0.0215398 0.299162 2.61279 0.0610648 0.877314 -0.0127259 0.479749
0.0258478 0.28815 2.60486 0.0729287 0.87157 -0.0173224 0.489965
0.0301557 0.277039 2.59721 0.0846654 0.866214 -0.0225417 0.499164
0.0344637 0.26582 2.58986 0.0962698 0.861268 -0.0283577 0.50736
0.0387717 0.254489 2.58283 0.107737 0.856747 -0.0347428 0.514565
0.0430796 0.243091 2.57603 0.119066 0.852665 -0.0416685 0.520794
0.0473876 0.231524 2.56969 0.130245 0.84903 -0.0491045 0.526057
0.0516956 0.219911 2.56353 0.141279 0.845848 -0.0570196 0.530367
0.0560035 0.2082 2.55768 0.15216 0.84312 -0.0653815 0.533736
0.0603115 0.196389 2.55214 0.162884 0.840844 -0.0741568 0.536174
0.0646195 0.184474 2.54694 0.173446 0.839015 -0.083311 0.537693
0.0689274 0.17247 2.54203 0.183844 0.837626 -0.0928085 0.538303
0.0732354 0.160386 2.53741 0.194074 0.836666 -0.102613 0.538015
0.0775434 0.148235 2.53304 0.204135 0.836124 -0.112688 0.536841
0.0818513 0.135995 2.52899 0.214021 0.835985 -0.122995 0.534791
0.0861593 0.123716 2.52513 0.223734 0.836233 -0.133497 0.531877
0.0904672 0.111317 2.52168 0.23326 0.83685 -0.144153 0.528112
0.0947752 0.0989042 2.51837 0.24261 0.837818 -0.154925 0.523507
0.0990832 0.0864245 2.51534 0.251773 0.839116 -0.165774 0.518076
0.103391 0.0738755 2.51261 0.260746 0.840724 -0.176659 0.511835
0.107699 0.0612915 2.5101 0.269531 0.84262 -0.187542 0.504797
0.112007 0.0486724 2.50781 0.278125 0.844781 -0.198382 0.49698
0.116315 0.0360151 2.50577 0.286524 0.847187 -0.209142 0.4884
0.120623 0.0233423 2.50391 0.29473 0.849813 -0.219781 0.479077
0.124931 0.0106232 2.50233 0.302736 0.852638 -0.230261 0.469029
0.129239 -0.00208284 2.50089 0.310547 0.855639 -0.240547 0.458279
0.133547 -0.0148443 2.49976 0.318153 0.858794 -0.2506 0.446847
0.137855 -0.0275656 2.49871 0.325566 0.862082 -0.260385 0.434758
0.142163 -0.0402943 2.49788 0.332777 0.865481 -0.269869 0.422036
0.146471 -0.0530327 2.49727 0.339784 0.86897 -0.279018 0.408706
0.150779 -0.06574 2.49679 0.346593 0.87253 -0.287799 0.394795
0.155087 -0.0784229 2.49647 0.353203 0.876141 -0.296184 0.380331
0.159395 -0.0910903 2.49633 0.359611 0.879785 -0.304143 0.365343
0.163703 -0.103724 2.49634 0.365819 0.883444 -0.31165 0.349858
0.168011 -0.11633 2.49653 0.371826 0.887101 -0.318679 0.333908
0.172319 -0.128867 2.49678 0.37764 0.890741 -0.325207 0.317524
0.176627 -0.141389 2.49727 0.383251 0.894347 -0.331212 0.300735
0.180934 -0.153824 2.49778 0.388674 0.897906 -0.336675 0.283574
0.185242 -0.166217 2.49847 0.3939 0.901404 -0.341578 0.266072
0.18955 -0.178555 2.4993 0.398932 0.904829 -0.345906 0.248261
0.193858 -0.190815 2.5002 0.403776 0.908168 -0.349645 0.230172
0.198166 -0.202998 2.5012 0.408433 0.911411 -0.352782 0.211838
0.202474 -0.215115 2.50233 0.412904 0.914546 -0.355308 0.19329
0.206782 -0.227145 2.50353 0.417192 0.917565 -0.357215 0.174559
0.21109 -0.239093 2.50484 0.4213 0.920459 -0.358498 0.155675
0.215398 -0.250936 2.50615 0.425235 0.923218 -0.359151 0.13667
0.219706 -0.262706 2.50763 0.428989 0.925836 -0.359172 0.117573
0.224014 -0.274375 2.50914 0.432575 0.928304 -0.358561 0.0984123
0.228322 -0.285951 2.51074 0.43599 0.930617 -0.357318 0.0792174
0.23263 -0.297432 2.51241 0.439238 0.932768 -0.355446 0.0600155
0.236938 -0.308799 2.5141 0.442326 0.934751 -0.35295 0.0408334
0.241246 -0.320058 2.51583 0.445256 0.936561 -0.349834 0.0216971
0.245554 -0.331224 2.51768 0.448027 0.938192 -0.346105 0.00263167
0.249862 -0.342272 2.51951 0.450647 0.939641 -0.341773 -0.0163389
0.25417 -0.353215 2.52142 0.453116 0.940902 -0.336846 -0.0351913
0.258478 -0.364041 2.5233 0.455442 0.941972 -0.331335 -0.0539036
0.262786 -0.374762 2.5253 0.457621 0.942848 -0.325252 -0.0724546
0.267094 -0.385366 2.52726 0.459664 0.943524 -0.31861 -0.0908241
0.271402 -0.395851 2.52926 0.46157 0.944 -0.311423 -0.108993
0.27571 -0.406224 2.53127 0.463343 0.944271 -0.303706 -0.126943
0.280018 -0.416473 2.53327 0.464988 0.944335 -0.295474 -0.144658
0.284326 -0.426618 2.5353 0.466505 0.94419 -0.286744 -0.162121
0.288634 -0.436658 2.53739 0.467897 0.943833 -0.277531 -0.179318
0.292942 -0.446579 2.53942 0.46917 0.943263 -0.267856 -0.196233
0.29725 -0.456375 2.54147 0.470327 0.942479 -0.257734 -0.212856
0.301557 -0.466062 2.54346 0.471371 0.941477 -0.247185 -0.229172
0.305865 -0.475636 2.54554 0.472302 0.940259 -0.236228 -0.245172
0.310173 -0.485096 2.54751 0.473127 0.938822 -0.224883 -0.260846
0.314481 -0.49444 2.54951 0.473847 0.937167 -0.213169 -0.276183
0.318789 -0.503681 2.55149 0.474464 0.935293 -0.201106 -0.291177
0.323097 -0.512809 2.55342 0.474982 0.933199 -0.188714 -0.30582
0.327405 -0.521831 2.55534 0.475404 0.930888 -0.176014 -0.320105
0.331713 -0.53074 2.55726 0.475731 0.928358 -0.163025 -0.334027
0.336021 -0.539545 2.55908 0.475968 0.925611 -0.149769 -0.347582
0.340329 -0.548226 2.56089 0.476117 0.922649 -0.136265 -0.360765
0.344637 -0.556836 2.56265 0.476177 0.919472 -0.122534 -0.373574
0.348945 -0.565336 2.56445 0.476153 0.916082 -0.108596 -0.386006
0.353253 -0.573746 2.56612 0.476047 0.912482 -0.0944713 -0.398061
0.357561 -0.582043 2.56777 0.475863 0.908674 -0.0801789 -0.409736
0.361869 -0.590246 2.56937 0.4756 0.90466 -0.0657387 -0.421033
0.366177 -0.598361 2.57091 0.475263 0.900444 -0.0511698 -0.431952
0.370485 -0.606377 2.57239 0.474852 0.896028 -0.0364914 -0.442495
0.374793 -0.614292 2.57384 0.474371 0.891417 -0.0217218 -0.452663
0.379101 -0.622139 2.57519 0.473819 0.886614 -0.00687942 -0.46246
0.383409 -0.629882 2.57651 0.473201 0.881622 0.00801811 -0.471887
0.387717 -0.637569 2.57775 0.472516 0.876447 0.0229534 -0.48095
0.392025 -0.645139 2.57897 0.471769 0.871093 0.0379096 -0.489653
0.396333 -0.652644 2.58004 0.470958 0.865564 0.0528703 -0.498
0.400641 -0.660057 2.58107 0.470087 0.859865 0.0678196 -0.505997
0.404949 -0.667408 2.58206 0.469156 0.854001 0.0827421 -0.513649
0.409257 -0.674692 2.58296 0.468167 0.847978 0.0976229 -0.520964
0.413565 -0.681903 2.58378 0.467121 0.841801 0.112448 -0.527946
0.417873 -0.689031 2.58455 0.466022 0.835475 0.127203 -0.534604
0.42218 -0.696103 2.58519 0.464867 0.829005 0.141875 -0.540945
0.426488 -0.703092 2.5858 0.463663 0.822399 0.156452 -0.546976
0.430796 -0.71004 2.58629 0.462406 0.815661 0.170921 -0.552706
0.435104 -0.716882 2.58673 0.461103 0.808797 0.185272 -0.558142
0.439412 -0.723691 2.58703 0.459747 0.801813 0.199492 -0.563293
0.44372 -0.730436 2.58729 0.458347 0.794716 0.213572 -0.568167
0.448028 -0.737133 2.58747 0.456899 0.78751 0.227502 -0.572774
0.452336 -0.743767 2.58753 0.455406 0.780203 0.241273 -0.577123
0.456644 -0.750343 2.5875 0.453869 0.7728 0.254876 -0.581222
0.460952 -0.756855 2.58739 0.452291 0.765306 0.268303 -0.585081
0.46526 -0.763344 2.58716 0.450666 0.757729 0.281547 -0.588709
0.469568 -0.769754 2.58686 0.449005 0.750073 0.2946 -0.592116
0.473876 -0.776159 2.58646 0.447298 0.742344 0.307456 -0.595312
0.478184 -0.782473 2.58597 0.445558 0.734549 0.32011 -0.598304
0.482492 -0.788767 2.58533 0.443773 0.726692 0.332554 -0.601104
0.4868 -0.795008 2.58464 0.441955 0.718779 0.344786 -0.603721
0.491108 -0.801205 2.58384 0.440098 0.710816 0.356799 -0.606164
0.495416 -0.807354 2.58288 0.438205 0.702808 0.368591 -0.608442
0.499724 -0.813451 2.58181 0.436277 0.694759 0.380157 -0.610566
0.504032 -0.819521 2.58068 0.434316 0.686676 0.391493 -0.612543
0.50834 -0.825583 2.57943 0.432315 0.678562 0.402598 -0.614384
0.512648 -0.831575 2.57805 0.430287 0.670423 0.413469 -0.616098
0.516956 -0.837565 2.57656 0.428218 0.662262 0.424104 -0.617693
0.521264 -0.843475 2.57494 0.426125 0.654085 0.4345 -0.619179
0.525572 -0.849391 2.57318 0.423994 0.645895 0.444658 -0.620564
0.52988 -0.855251 2.57133 0.421836 0.637697 0.454574 -0.621856
0.534188 -0.861093 2.56936 0.419646 0.629494 0.46425 -0.623064
0.538496 -0.866908 2.56721 0.417424 0.62129 0.473684 -0.624197
0.542803 -0.872683 2.56495 0.415174 0.613089 0.482876 -0.625262
0.547111 -0.878429 2.56259 0.412897 0.604893 0.491826 -0.626268
0.551419 -0.884166 2.56005 0.410586 0.596706 0.500535 -0.627221
0.555727 -0.889835 2.55736 0.408253 0.588531 0.509003 -0.62813
0.560035 -0.895502 2.55451 0.405887 0.580371 0.51723 -0.629001
0.564343 -0.901118 2.55153 0.4035 0.572228 0.525219 -0.629841
0.568651 -0.906763 2.54842 0.401078 0.564105 0.532969 -0.630659
0.572959 -0.912367 2.54518 0.398634 0.556003 0.540482 -0.631459
0.577267 -0.917943 2.54175 0.396163 0.547925 0.54776 -0.632248
0.581575 -0.92349 2.53809 0.393663 0.539872 0.554803 -0.633033
0.585883 -0.929015 2.53434 0.391142 0.531847 0.561615 -0.633819
0.590191 -0.934504 2.5304 0.388598 0.523851 0.568196 -0.634613
0.594499 -0.93999 2.52624 0.386023 0.515885 0.574549 -0.635418
0.598807 -0.945436 2.52191 0.38343 0.50795 0.580675 -0.636241
0.603115 -0.950886 2.51741 0.380806 0.500048 0.586577 -0.637087
0.607423 -0.956292 2.51273 0.378167 0.492178 0.592256 -0.63796
0.611731 -0.961694 2.50781 0.375497 0.484343 0.597716 -0.638865
0.616039 -0.967045 2.50269 0.37281 0.476541 0.602958 -0.639805
0.620347 -0.97237 2.49731 0.370099 0.468775 0.607984 -0.640785
0.624655 -0.97768 2.49169 0.367363 0.461043 0.612798 -0.641808
0.628963 -0.983008 2.48598 0.364607 0.453347 0.617401 -0.642878
0.633271 -0.988303 2.47999 0.361829 0.445685 0.621796 -0.643998
0.637579 -0.993592 2.47372 0.359023 0.438059 0.625986 -0.645172
0.641887 -0.998817 2.46714 0.356203 0.430466 0.629972 -0.6464
0.646195 -1.00406 2.46041 0.353358 0.422908 0.633758 -0.647688
0.650503 -1.00924 2.45334 0.350497 0.415384 0.637346 -0.649035
0.654811 -1.01442 2.44597 0.347609 0.407892 0.640738 -0.650445
0.659118 -1.01957 2.43833 0.344706 0.400433 0.643937 -0.651919
0.663426 -1.0247 2.4304 0.341781 0.393005 0.646946 -0.653459
0.667734 -1.02983 2.42216 0.338833 0.385608 0.649766 -0.655065
0.672042 -1.03492 2.41364 0.335871 0.378239 0.652401 -0.65674
0.67635 -1.03996 2.4047 0.33289 0.3709 0.654853 -0.658484
0.680658 -1.04499 2.39538 0.329881 0.363587 0.657124 -0.660297
0.684966 -1.04999 2.38572 0.326862 0.3563 0.659217 -0.662181
0.689274 -1.05501 2.37582 0.323818 0.349037 0.661134 -0.664135
0.693582 -1.06 2.36545 0.320756 0.341797 0.662878 -0.666159
0.69789 -1.06497 2.35467 0.317671 0.334579 0.664451 -0.668253
0.702198 -1.06988 2.34344 0.314573 0.32738 0.665855 -0.670417
0.706506 -1.07478 2.33185 0.311457 0.3202 0.667093 -0.67265
0.710814 -1.07965 2.31972 0.308318 0.313037 0.668167 -0.674952
0.715122 -1.08447 2.30717 0.30517 0.305888 0.66908 -0.677321
0.71943 -1.08924 2.29401 0.302001 0.298753 0.669834 -0.679757
0.723738 -1.09404 2.28044 0.298806 0.291629 0.67043 -0.682258
0.728046 -1.09878 2.26638 0.295607 0.284515 0.670872 -0.684822
0.732354 -1.10349 2.25181 0.292385 0.277409 0.671162 -0.687449
0.736662 -1.10814 2.23649 0.289146 0.270308 0.671301 -0.690137
0.74097 -1.11278 2.22061 0.285886 0.263212 0.671292 -0.692883
0.745278 -1.11737 2.20415 0.282615 0.256117 0.671138 -0.695685
0.749586 -1.12192 2.18708 0.279328 0.249023 0.67084 -0.698542
0.753894 -1.12647 2.1693 0.276017 0.241926 0.670401 -0.701451
0.758202 -1.13095 2.1509 0.272698 0.234826 0.669823 -0.70441
0.76251 -1.13538 2.13161 0.26936 0.22772 0.669108 -0.707416
0.766818 -1.13979 2.11175 0.266003 0.220606 0.668259 -0.710467
0.771126 -1.1441 2.09099 0.26264 0.213482 0.667277 -0.71356
0.775434 -1.14838 2.0695 0.259257 0.206347 0.666164 -0.716691
0.779741 -1.15257 2.04691 0.255857 0.199197 0.664924 -0.719859
0.784049 -1.15673 2.02361 0.252441 0.192031 0.663557 -0.72306
0.788357 -1.16086 1.99956 0.249018 0.184847 0.662067 -0.726291
0.792665 -1.16491 1.9745 0.245577 0.177643 0.660455 -0.729549
0.796973 -1.16891 1.94835 0.242114 0.170416 0.658724 -0.732831
0.801281 -1.17284 1.92124 0.238644 0.163166 0.656875 -0.736133
0.805589 -1.17669 1.89303 0.235158 0.155888 0.654911 -0.739453
0.809897 -1.18049 1.8639 0.231654 0.148583 0.652835 -0.742785
0.814205 -1.18418 1.83351 0.228146 0.141247 0.650647 -0.746128
0.818513 -1.18785 1.80217 0.224617 0.133878 0.648352 -0.749478
0.822821 -1.1914 1.76932 0.221072 0.126474 0.64595 -0.75283
0.827129 -1.19489 1.73565 0.21752 0.119033 0.643443 -0.756182
0.831437 -1.19828 1.70064 0.213956 0.111554 0.640835 -0.75953
0.835745 -1.20156 1.66425 0.210376 0.104033 0.638127 -0.76287
0.840053 -1.20473 1.62643 0.206779 0.0964687 0.635322 -0.766198
0.844361 -1.20777 1.58739 0.203177 0.088859 0.632421 -0.769511
0.848669 -1.21079 1.54719 0.199564 0.0812015 0.629427 -0.772805
0.852977 -1.21372 1.50568 0.195931 0.0734942 0.626343 -0.776076
0.857285 -1.2165 1.46247 0.192292 0.0657347 0.62317 -0.779319
0.861593 -1.21918 1.41802 0.188636 0.0579208 0.61991 -0.782532
0.865901 -1.22172 1.37194 0.184968 0.0500502 0.616566 -0.785711
0.870209 -1.22414 1.32478 0.181296 0.0421206 0.61314 -0.788851
0.874517 -1.22641 1.27602 0.177612 0.0341298 0.609634 -0.791948
0.878825 -1.22857 1.22582 0.173912 0.0260752 0.606051 -0.794999
0.883133 -1.2306 1.17409 0.170198 0.0179546 0.602392 -0.797999
0.887441 -1.2325 1.12139 0.166488 0.00976537 0.59866 -0.800944
0.891749 -1.23422 1.06706 0.162762 0.00150516 0.594857 -0.80383
0.896057 -1.2358 1.01155 0.15902 -0.00682859 0.590985 -0.806654
0.900364 -1.23714 0.954366 0.155276 -0.0152385 0.587046 -0.80941
0.904672 -1.23834 0.896314 0.151518 -0.0237271 0.583043 -0.812095
0.90898 -1.23943 0.836907 0.147753 -0.0322971 0.578978 -0.814703
0.913288 -1.24043 0.776529 0.14398 -0.0409513 0.574852 -0.817232
0.917596 -1.24123 0.714805 0.140194 -0.0496924 0.570669 -0.819675
0.921904 -1.24182 0.651949 0.136395 -0.0585233 0.566429 -0.82203
0.926212 -1.24224 0.588298 0.132592 -0.0674469 0.562136 -0.82429
0.93052 -1.24247 0.524109 0.128789 -0.0764661 0.557791 -0.826452
0.934828 -1.24247 0.458792 0.124969 -0.085584 0.553396 -0.82851
0.939136 -1.24233 0.393138 0.121138 -0.0948038 0.548953 -0.830459
0.943444 -1.24197 0.326382 0.117305 -0.104129 0.544465 -0.832295
0.947752 -1.24153 0.260025 0.11347 -0.113561 0.539933 -0.834012
0.95206 -1.24083 0.192736 0.109621 -0.123106 0.535359 -0.835605
0.956368 -1.23991 0.125674 0.105771 -0.132765 0.530745 -0.837068
0.960676 -1.23877 0.0582493 0.101908 -0.142543 0.526094 -0.838395
0.964984 -1.23743 -0.0092205 0.0980349 -0.152443 0.521406 -0.839581
0.969292 -1.23601 -0.0767968 0.0941598 -0.162469 0.516684 -0.84062
0.9736 -1.23452 -0.144271 0.0902809 -0.172623 0.51193 -0.841504
0.977908 -1.23279 -0.211983 0.0863879 -0.182911 0.507144 -0.842228
0.982216 -1.23093 -0.278849 0.0824862 -0.193336 0.50233 -0.842785
0.986524 -1.22879 -0.345634 0.0785891 -0.203901 0.497488 -0.843167
0.990832 -1.22663 -0.411085 0.0746868 -0.214611 0.492621 -0.843367
0.99514 -1.22421 -0.476689 0.0707713 -0.225469 0.487728 -0.843377
0.999448 -1.22162 -0.540863 0.066857 -0.236481 0.482813 -0.843189
1.00376 -1.21903 -0.605072 0.062932 -0.247649 0.477877 -0.842795
1.00806 -1.21649 -0.668334 0.0590107 -0.258978 0.47292 -0.842186
1.01237 -1.21387 -0.730844 0.0550855 -0.270472 0.467944 -0.841352
1.01668 -1.2112 -0.792223 0.0511557 -0.282136 0.46295 -0.840284
1.02099 -1.20851 -0.853496 0.0472137 -0.293972 0.45794 -0.83897
1.0253 -1.20618 -0.914094 0.0432667 -0.305987 0.452913 -0.837402
1.0296 -1.20398 -0.975005 0.0393266 -0.318183 0.447871 -0.835567
1.03391 -1.20258 -1.03541 0.0353795 -0.330564 0.442814 -0.833452
1.03822 -1.2019 -1.09823 0.0314226 -0.343135 0.437743 -0.831047
1.04253 -1.20232 -1.16081 0.0274698 -0.355899 0.432659 -0.828337
1.04684 -1.20476 -1.22646 0.0235162 -0.368861 0.427561 -0.825308
1.05114 -1.21044 -1.29717 0.019563 -0.382022 0.42245 -0.821946
1.05545 -1.22173 -1.37875 0.0156115 -0.395388 0.417324 -0.818235
1.05976 -1.24469 -1.48584 0.0116641 -0.40896 0.412185 -0.814159
1.06407 -1.29702 -1.69054 0.00772967 -0.422741 0.407031 -0.809701
1.06838 -1.45173 -2.73295 0.00390703 -0.436733 0.401861 -0.804843
1.07268 -0.227397 0.828355 0.00148698 -0.450939 0.396675 -0.799564
1.07699 -0.227397 0.828355 0.00455413 -0.465359 0.39147 -0.793847
