0 0 0
0.003781 -0.010084 -0
0.007876 -0.020044 -0
0.012283 -0.02987 -0
0.016996 -0.039554 -0
0.022011 -0.049084 -0
0.027322 -0.058452 -0
0.032925 -0.067649 -0
0.038815 -0.076665 -0
0.044985 -0.085492 -0
0.051428 -0.09412 -0
0.05814 -0.102542 -0
0.065113 -0.110749 -0
0.072341 -0.118733 -0
0.079815 -0.126486 -0
0.087529 -0.134 -0
0.095476 -0.141269 -0
0.103647 -0.148284 -0
0.112034 -0.155039 -0
0.12063 -0.161527 -0
0.129425 -0.167742 -0
0.13841 -0.173678 -0
0.147578 -0.179328 -0
0.156919 -0.184688 -0
0.166424 -0.189752 -0
0.176082 -0.194514 -0
0.185886 -0.198971 -0
0.195825 -0.203118 -0
0.205889 -0.206951 -0
0.216069 -0.210465 -0
0.226354 -0.213658 -0
0.236734 -0.216527 -0
0.247199 -0.219068 0
0.257739 -0.221279 0
0.268343 -0.223157 0
0.279001 -0.224702 0
0.289702 -0.225911 0
0.300436 -0.226784 0
0.311192 -0.227319 0
0.321959 -0.227516 0
0.332728 -0.227374 0
0.343486 -0.226895 0
0.354224 -0.226077 0
0.364932 -0.224923 0
0.375597 -0.223433 0
0.386211 -0.221609 0
0.396762 -0.219452 0
0.40724 -0.216965 0
0.417635 -0.21415 0
0.427936 -0.21101 0
0.438134 -0.207548 0
0.448218 -0.203767 0
0.458178 -0.199671 0
0.468004 -0.195265 0
0.477687 -0.190552 0
0.487218 -0.185537 0
0.496586 -0.180225 0
0.505783 -0.174622 0
0.514799 -0.168733 0
0.523626 -0.162563 0
0.532254 -0.156119 0
0.540676 -0.149407 0
0.548883 -0.142434 0
0.556867 -0.135207 0
0.56462 -0.127733 0
0.572134 -0.120018 0
0.579403 -0.112072 0
0.586418 -0.103901 0
0.593173 -0.095513 0
0.599661 -0.086918 0
0.605876 -0.078123 0
0.611812 -0.069137 0
0.617462 -0.059969 0
0.622822 -0.050629 0
0.627886 -0.041124 0
0.632648 -0.031465 0
0.637105 -0.021662 0
0.641252 -0.011723 0
0.645084 -0.001658 0
0.648599 0.008521 0
0.651792 0.018806 0
0.65466 0.029186 0
0.657201 0.039652 0
0.659412 0.050191 0
0.661291 0.060796 0
0.662836 0.071453 0
0.664045 0.082155 0
0.664918 0.092888 0
0.665453 0.103644 0
0.665649 0.114412 0
0.665508 0.12518 0
0.665028 0.135939 0
0.664211 0.146677 0
0.663057 0.157384 0
0.661567 0.16805 0
0.659743 0.178663 0
0.657586 0.189214 0
0.655099 0.199693 0
0.652284 0.210087 0
0.649144 0.220389 0
0.645681 0.230586 0
