0 0 0
0.00200954 0.000231614 0.00229443
0.00390123 0.000821321 0.00495291
0.00635276 0.00176753 0.00794302
0.0090639 0.00304721 0.0112544
0.0120309 0.00464386 0.0148717
0.0152444 0.00654154 0.0187795
0.0186888 0.0087242 0.0229613
0.0223493 0.011177 0.027404
0.0262204 0.0138856 0.0320926
0.0302911 0.0168356 0.037013
0.0345483 0.0200123 0.0421513
0.0389835 0.0234034 0.0474956
0.0435882 0.0269927 0.0530308
0.0483467 0.0307712 0.058747
0.0532568 0.0347234 0.0646296
0.0582996 0.0388385 0.0706686
0.0634752 0.0431051 0.0768516
0.0687689 0.0475105 0.0831678
0.0741786 0.0520432 0.0896053
0.0796894 0.0566953 0.0961556
0.0852932 0.0614533 0.102807
0.0909849 0.0663068 0.10955
0.0967556 0.0712489 0.116375
0.1026 0.0762672 0.123272
0.108505 0.0813544 0.130234
0.114465 0.0864996 0.13725
0.120479 0.0916964 0.144313
0.126539 0.0969349 0.151415
0.132633 0.102208 0.158547
0.13876 0.107507 0.165702
0.144916 0.112825 0.172873
0.151092 0.118155 0.180053
0.157281 0.123489 0.187234
0.163482 0.128819 0.19441
0.16968 0.134143 0.201575
0.175883 0.139451 0.208724
0.182077 0.144739 0.215849
0.188264 0.149999 0.222945
0.194437 0.155227 0.230007
0.200593 0.160418 0.23703
0.206726 0.165566 0.244008
0.212829 0.170667 0.250937
0.218902 0.175716 0.257813
0.224944 0.180708 0.264631
0.230951 0.18564 0.271386
0.236918 0.190507 0.278076
0.242839 0.195305 0.284695
0.248712 0.200031 0.291241
0.25454 0.204681 0.29771
0.26032 0.209253 0.304099
0.266041 0.213742 0.310406
0.271706 0.218147 0.316626
0.277317 0.222464 0.322756
0.282862 0.226691 0.328796
0.288349 0.230825 0.334742
0.293771 0.234863 0.340592
0.299127 0.238806 0.346344
0.304415 0.242648 0.351996
0.309634 0.246391 0.357545
0.314783 0.250031 0.362992
0.31986 0.253566 0.368333
0.324864 0.256997 0.373568
0.329794 0.26032 0.378695
0.33465 0.263537 0.383713
0.339431 0.266645 0.388621
0.344136 0.269643 0.393418
0.348763 0.27253 0.398104
0.353311 0.275307 0.402677
0.357781 0.277972 0.407137
0.362174 0.280526 0.411484
0.366488 0.282967 0.415716
0.370723 0.285295 0.419835
0.374876 0.287511 0.423839
0.378952 0.289614 0.427729
0.382948 0.291605 0.431504
0.386864 0.293484 0.435166
0.390701 0.29525 0.438713
0.394459 0.296905 0.442145
0.398137 0.298448 0.445465
0.401737 0.299881 0.448671
0.405259 0.301202 0.451765
0.408701 0.302415 0.454746
0.412067 0.303518 0.457616
0.415356 0.304514 0.460375
0.418569 0.305402 0.463024
0.421704 0.306184 0.465563
0.424765 0.30686 0.467994
0.427752 0.307431 0.470317
0.430665 0.307899 0.472534
0.433504 0.308265 0.474645
0.436271 0.30853 0.476652
0.438967 0.308695 0.478556
0.441593 0.308762 0.480357
0.444148 0.308731 0.482057
0.446635 0.308604 0.483657
0.449054 0.308384 0.485159
0.451406 0.308069 0.486564
0.453694 0.307663 0.487873
0.455916 0.307167 0.489087
0.458074 0.306582 0.490208
0.46017 0.305911 0.491237
0.462205 0.305154 0.492176
0.464179 0.304313 0.493027
0.466095 0.303389 0.49379
0.467952 0.302385 0.494468
0.469754 0.301302 0.495061
0.471499 0.300144 0.495573
0.473191 0.298908 0.496003
0.474829 0.297599 0.496353
0.476416 0.296217 0.496626
0.477951 0.294767 0.496823
0.479438 0.293247 0.496945
0.480878 0.291661 0.496996
0.482269 0.290009 0.496973
0.483614 0.288295 0.496883
0.484919 0.286519 0.496724
0.486177 0.284684 0.496499
0.487394 0.28279 0.496209
0.488572 0.280841 0.495856
0.489711 0.278837 0.495443
0.490812 0.276782 0.49497
0.491877 0.274675 0.494439
0.492906 0.272519 0.493852
0.493899 0.270318 0.49321
0.494861 0.26807 0.492516
0.495793 0.265779 0.49177
0.496693 0.263446 0.490975
0.497565 0.261072 0.490132
0.498409 0.258662 0.489243
0.499227 0.256214 0.488309
0.500018 0.253732 0.487331
0.500787 0.251216 0.486312
0.501531 0.248669 0.485253
0.502257 0.246093 0.484157
0.50296 0.243488 0.483023
0.503642 0.240857 0.481854
0.504309 0.238201 0.480651
0.504958 0.235522 0.479416
0.505591 0.232821 0.47815
0.506209 0.230101 0.476855
0.506813 0.227363 0.475533
0.507406 0.224607 0.474183
0.507987 0.221836 0.472809
0.508556 0.21905 0.471411
0.509117 0.216254 0.469992
0.509668 0.213446 0.46855
0.510212 0.210629 0.467091
0.510751 0.207802 0.465612
0.511286 0.20497 0.464117
0.511815 0.202132 0.462607
0.512341 0.199291 0.46108
0.51286 0.196447 0.459542
0.513383 0.193602 0.457992
0.513902 0.190756 0.456431
0.514422 0.187912 0.454861
0.514944 0.185071 0.453282
0.515466 0.182233 0.451696
0.51599 0.179399 0.450103
0.516518 0.176573 0.448506
0.517051 0.173752 0.446904
0.517588 0.170941 0.445299
0.518131 0.168138 0.443692
0.51868 0.165345 0.442083
0.519235 0.162565 0.440476
0.519797 0.159796 0.438868
0.520369 0.157041 0.437262
0.520949 0.154301 0.435658
0.52154 0.151574 0.434058
0.522137 0.148865 0.432462
0.52275 0.146172 0.430871
0.523368 0.143497 0.429285
0.524003 0.140841 0.427706
0.524645 0.138203 0.426134
0.525304 0.135587 0.424571
0.525975 0.13299 0.423015
0.526658 0.130415 0.421469
0.527356 0.127863 0.419932
0.528068 0.125334 0.418406
0.528794 0.122828 0.416891
0.529536 0.120347 0.415388
0.530296 0.11789 0.413896
0.531069 0.115458 0.412417
0.531856 0.113053 0.410951
0.53266 0.110673 0.409499
0.533483 0.108319 0.40806
0.534321 0.105994 0.406635
0.535178 0.103697 0.405226
0.536049 0.101427 0.403831
0.536941 0.0991852 0.402452
0.537853 0.0969734 0.401089
0.538781 0.0947893 0.399741
0.53972 0.0926359 0.39841
0.540681 0.0905122 0.397095
0.541661 0.0884175 0.395797
0.542661 0.086354 0.394516
0.543678 0.0843212 0.393252
0.544711 0.0823194 0.392006
0.545767 0.080348 0.390777
0.546837 0.0784068 0.389566
0.547926 0.076498 0.388372
0.549035 0.0746205 0.387197
0.550164 0.0727732 0.386038
0.551311 0.0709583 0.384898
0.552476 0.0691755 0.383776
0.553659 0.0674236 0.382672
0.55486 0.0657041 0.381587
0.556079 0.0640151 0.380518
0.557315 0.0623588 0.379468
0.558565 0.0607338 0.378436
0.559841 0.0591397 0.377422
0.561129 0.0575775 0.376425
0.562438 0.0560471 0.375447
0.563761 0.0545475 0.374485
0.565103 0.05308 0.373541
0.566462 0.0516428 0.372614
0.567835 0.0502368 0.371705
0.569228 0.0488622 0.370813
0.570639 0.0475181 0.369937
0.572064 0.0462047 0.369078
0.573502 0.04492 0.368236
0.574958 0.0436664 0.367409
0.576428 0.0424433 0.366599
0.577908 0.041248 0.365803
0.579408 0.0400834 0.365024
0.580925 0.0389485 0.36426
0.582454 0.0378422 0.363511
0.583993 0.0367634 0.362776
0.585549 0.0357138 0.362057
0.587118 0.0346918 0.361351
0.588697 0.0336971 0.360658
0.590293 0.0327308 0.35998
0.591899 0.0317906 0.359314
0.59352 0.030878 0.358661
0.595149 0.0299911 0.35802
0.596792 0.0291312 0.357392
0.598447 0.0282962 0.356776
0.600108 0.0274858 0.356171
0.601776 0.0267012 0.355576
0.603458 0.0259417 0.354993
0.605147 0.025205 0.35442
0.606844 0.0244927 0.353856
0.608552 0.0238039 0.353303
0.610269 0.0231384 0.352758
0.611993 0.0224956 0.352223
0.613721 0.0218738 0.351696
0.615461 0.0212749 0.351176
0.617206 0.0206973 0.350665
0.618954 0.0201406 0.35016
0.620704 0.0196049 0.349663
0.622467 0.0190884 0.349171
0.624233 0.0185927 0.348686
0.626002 0.0181152 0.348206
0.627772 0.0176569 0.347732
0.629554 0.0172173 0.347261
0.631337 0.0167956 0.346796
0.633117 0.0163925 0.346335
0.634901 0.0160053 0.345877
0.636687 0.0156351 0.345422
0.638477 0.0152815 0.344969
0.640268 0.0149438 0.344519
0.642061 0.0146222 0.344072
0.643851 0.0143144 0.343625
0.645642 0.0140216 0.34318
0.647434 0.013744 0.342735
0.649219 0.0134795 0.342292
0.651 0.0132275 0.341847
0.652791 0.0129897 0.341402
0.654577 0.0127638 0.340956
0.65636 0.0125508 0.34051
0.658139 0.0123487 0.340061
0.659915 0.0121589 0.33961
0.661684 0.0119797 0.339158
0.663447 0.0118106 0.338702
0.665212 0.0116526 0.338243
0.666973 0.0115036 0.337781
0.668731 0.0113638 0.337315
0.670478 0.0112333 0.336845
0.672219 0.0111129 0.336371
0.673952 0.0109991 0.335891
0.675678 0.0108938 0.335407
0.677399 0.0107971 0.334917
0.67912 0.0107063 0.334421
0.680826 0.0106226 0.333919
0.682523 0.0105452 0.33341
0.684209 0.0104745 0.332895
0.685896 0.0104101 0.332372
0.687571 0.0103506 0.331843
0.689239 0.0102971 0.331307
0.690893 0.010248 0.330761
0.69254 0.010204 0.330208
0.694174 0.0101647 0.329646
0.695793 0.0101285 0.329076
0.697405 0.0100961 0.328497
0.699008 0.0100682 0.327909
0.700602 0.0100424 0.32731
0.702181 0.0100204 0.326703
0.703754 0.0100004 0.326085
0.70531 0.00998337 0.325458
0.706848 0.00996932 0.32482
0.708371 0.00995598 0.324172
0.709892 0.00994458 0.323513
0.711405 0.00993595 0.322843
0.712896 0.00992775 0.322162
0.714374 0.0099201 0.321469
0.715838 0.0099136 0.320765
0.717292 0.00990823 0.32005
0.718734 0.00990432 0.319324
0.720158 0.00989956 0.318585
0.721564 0.00989489 0.317834
0.722959 0.00989159 0.317071
0.724344 0.00988676 0.316295
0.725711 0.00988263 0.315507
0.727055 0.0098777 0.314708
0.728384 0.00987173 0.313895
0.729701 0.00986524 0.31307
0.731002 0.00985893 0.312232
0.73229 0.00985118 0.311381
0.733557 0.00984148 0.310517
0.734816 0.00983164 0.30964
0.736065 0.00982077 0.30875
0.737286 0.00980736 0.307847
0.738485 0.00979385 0.306931
0.739676 0.0097775 0.306002
0.740856 0.00976089 0.30506
0.742015 0.00974206 0.304103
0.743154 0.0097223 0.303135
0.744276 0.00969956 0.302152
0.745379 0.00967601 0.301157
0.746472 0.00965046 0.300148
0.747542 0.00962248 0.299126
0.748591 0.00959288 0.298091
0.749633 0.00956059 0.297042
0.750658 0.00952836 0.29598
0.751658 0.00949287 0.294905
0.752641 0.00945521 0.293817
0.753607 0.00941546 0.292715
0.754562 0.00937387 0.2916
0.755492 0.00933134 0.290473
0.75641 0.00928618 0.289333
0.757306 0.00923856 0.288179
0.758184 0.0091897 0.287013
0.759049 0.009138 0.285833
0.759895 0.00908609 0.284641
0.760728 0.00903121 0.283436
0.761539 0.00897453 0.282219
0.762324 0.00891578 0.280989
0.763097 0.00885606 0.279747
0.763857 0.0087936 0.278492
0.764602 0.00873053 0.277225
0.765328 0.00866519 0.275947
0.766034 0.00859853 0.274655
0.766716 0.00853024 0.273352
0.767381 0.00846135 0.272037
0.768037 0.00838971 0.27071
0.768674 0.0083178 0.269372
0.769289 0.00824326 0.268022
0.769882 0.00816876 0.266661
0.770461 0.00809261 0.265288
0.771031 0.00801574 0.263904
0.771582 0.00793739 0.262509
0.772111 0.00785825 0.261103
0.772616 0.00777828 0.259686
0.773111 0.00769797 0.258259
0.773591 0.00761662 0.25682
0.774053 0.00753422 0.255372
0.774493 0.00745194 0.253913
0.77492 0.0073682 0.252443
0.775327 0.00728498 0.250965
0.77572 0.00720171 0.249475
0.776097 0.0071173 0.247977
0.776454 0.00703353 0.246468
0.776794 0.00694818 0.244949
0.777113 0.00686423 0.243422
0.777417 0.00677972 0.241884
0.777708 0.00669518 0.240338
0.777982 0.00661096 0.238783
0.778237 0.00652637 0.237218
0.77848 0.00644286 0.235645
0.778699 0.00635967 0.234064
0.778904 0.00627658 0.232472
0.779094 0.00619446 0.230873
0.779273 0.00611266 0.229266
0.779428 0.00603148 0.227651
0.779566 0.00595048 0.226027
0.779681 0.00587055 0.224396
0.77979 0.0057909 0.222756
0.77988 0.00571315 0.221109
0.779956 0.00563568 0.219454
0.780014 0.00555932 0.217791
0.780055 0.00548344 0.216122
0.780077 0.00540936 0.214444
0.780086 0.00533651 0.21276
0.780074 0.00526439 0.211069
0.78005 0.00519238 0.20937
0.780013 0.00512266 0.207664
0.779956 0.00505368 0.205952
0.77988 0.0049871 0.204233
0.779793 0.00492068 0.202507
0.779687 0.00485637 0.200775
0.779565 0.00479189 0.199036
0.779432 0.00472986 0.197291
0.77928 0.00466846 0.195539
0.779106 0.00460885 0.193781
0.778921 0.00455063 0.192017
0.778722 0.004493 0.190247
0.778503 0.00443757 0.18847
0.77827 0.00438371 0.186688
0.778022 0.00433012 0.1849
0.77776 0.00427846 0.183105
0.77748 0.0042278 0.181305
0.777182 0.00417836 0.1795
0.776868 0.00413008 0.177688
0.776536 0.00408392 0.175872
0.776184 0.00403797 0.174049
0.775819 0.00399392 0.172221
0.775444 0.00395107 0.170387
0.775057 0.00390849 0.168548
0.774648 0.00386767 0.166703
0.774222 0.00382723 0.164853
0.773775 0.00378882 0.162997
0.773311 0.00375088 0.161137
0.772833 0.00371356 0.15927
0.772342 0.00367683 0.157399
0.771839 0.00364149 0.155522
0.77132 0.00360682 0.15364
0.770785 0.00357325 0.151752
0.770225 0.00353969 0.149859
0.769648 0.00350687 0.147962
0.769056 0.00347544 0.146059
0.768454 0.00344372 0.144151
0.767832 0.0034121 0.142237
0.767195 0.003381 0.140319
0.766543 0.00335045 0.138395
0.765872 0.00332041 0.136466
0.765184 0.00328976 0.134532
0.764478 0.00325953 0.132593
0.763755 0.0032284 0.130649
0.76302 0.00319837 0.1287
0.762269 0.0031684 0.126745
0.761498 0.00313802 0.124786
0.760713 0.00310707 0.122822
0.759912 0.00307553 0.120852
0.759092 0.00304435 0.118878
0.758254 0.00301206 0.116898
0.757403 0.0029798 0.114914
0.756528 0.00294613 0.112924
0.755643 0.00291229 0.11093
0.754742 0.00287781 0.10893
0.753822 0.00284243 0.106926
0.752883 0.0028063 0.104916
0.751928 0.00276846 0.102902
0.750955 0.00273137 0.100883
0.74997 0.00269229 0.098859
0.748965 0.0026527 0.0968303
0.747942 0.00261075 0.0947966
0.7469 0.00256868 0.0927592
0.74584 0.00252567 0.0907157
0.744774 0.00248078 0.0886683
0.743688 0.00243506 0.0866164
0.742585 0.00238869 0.0845599
0.741465 0.00234046 0.0824987
0.740327 0.00229111 0.0804337
0.739169 0.00224087 0.0783641
0.737998 0.00218789 0.0762898
0.736809 0.00213482 0.0742116
0.735605 0.00207965 0.0721293
0.734384 0.00202513 0.0700439
0.733149 0.00196789 0.0679537
0.731897 0.00190964 0.0658598
0.730625 0.00185021 0.0637619
0.729338 0.00178954 0.0616611
0.728038 0.00172779 0.059557
0.726719 0.00166523 0.0574492
0.725386 0.00160145 0.0553384
0.724036 0.00153766 0.0532248
0.72267 0.00147191 0.0511083
0.721287 0.00140628 0.048989
0.719891 0.0013389 0.046867
0.718481 0.00127262 0.0447432
0.717056 0.00120476 0.0426168
0.715615 0.00113544 0.040488
0.714157 0.0010681 0.0383585
0.712683 0.000999586 0.0362269
0.711198 0.000930784 0.0340938
0.709699 0.000862805 0.0319597
0.708184 0.000795463 0.0298253
0.706655 0.000727556 0.0276893
0.705113 0.000662376 0.025554
0.703558 0.000596054 0.0234176
0.701988 0.000531778 0.0212822
0.700404 0.00046836 0.0191469
0.698807 0.000406788 0.0170122
0.697197 0.000347294 0.0148786
0.695573 0.000289721 0.012747
0.693933 0.000233912 0.0106163
0.692279 0.000180513 0.00848798
0.690607 0.00012972 0.00636251
0.688906 8.18477e-05 0.00423964
0.687142 3.61085e-05 0.00212113
0.685634 -6.95441e-17 6.95354e-17
