0 0 0 0
0.00215398 2.23419e-06 -0.000225337 0.00305257
0.00430794 1.10422e-05 -0.000810812 0.00630781
0.00646185 2.84241e-05 -0.00174992 0.0101758
0.00861567 5.43271e-05 -0.0030207 0.0144582
0.0107694 8.88075e-05 -0.00460792 0.0191397
0.0129229 0.000131933 -0.00649529 0.0242028
0.0150763 0.000183728 -0.00866659 0.0296248
0.0172294 0.00024427 -0.0111074 0.0353869
0.0193823 0.000313571 -0.0138033 0.0414725
0.0215348 0.000391698 -0.0167377 0.0478664
0.023687 0.00047861 -0.0198995 0.0545458
0.0258389 0.000574442 -0.0232756 0.061497
0.0279903 0.000679227 -0.0268453 0.0687081
0.0301413 0.000792878 -0.030604 0.0761562
0.0322918 0.000915476 -0.034537 0.0838284
0.0344417 0.00104709 -0.038634 0.0917044
0.0365911 0.00118782 -0.0428825 0.0997758
0.0387399 0.0013377 -0.0472617 0.108032
0.040888 0.0014966 -0.0517677 0.116456
0.0430354 0.00166461 -0.0563911 0.125032
0.0451821 0.00184167 -0.0611204 0.133745
0.047328 0.00202793 -0.0659453 0.142585
0.0494731 0.00222341 -0.0708573 0.15154
0.0516173 0.00242807 -0.0758477 0.160595
0.0537606 0.0026421 -0.0809082 0.169737
0.055903 0.0028654 -0.0860286 0.178955
0.0580443 0.0030982 -0.0912002 0.188244
0.0601846 0.00334042 -0.0963993 0.197602
0.0623239 0.00359192 -0.101629 0.207009
0.064462 0.00385271 -0.106885 0.216455
0.066599 0.00412284 -0.112158 0.225933
0.0687348 0.00440249 -0.11744 0.235431
0.0708693 0.00469139 -0.122726 0.244939
0.0730025 0.00498966 -0.128007 0.254452
0.0751344 0.00529751 -0.133284 0.263952
0.0772648 0.00561484 -0.138543 0.273444
0.0793939 0.00594171 -0.143782 0.282913
0.0815214 0.006278 -0.148992 0.292355
0.0836474 0.00662397 -0.154169 0.301762
0.0857719 0.00697948 -0.159308 0.311129
0.0878946 0.00734459 -0.164404 0.320447
0.0900158 0.00771929 -0.169453 0.329708
0.0921352 0.00810374 -0.174448 0.338909
0.0942528 0.00849781 -0.179388 0.348047
0.0963686 0.0089016 -0.184265 0.357113
0.0984825 0.00931508 -0.189077 0.366105
0.100595 0.00973822 -0.193821 0.375012
0.102705 0.0101711 -0.198492 0.383833
0.104813 0.0106138 -0.203086 0.392567
0.106918 0.0110662 -0.207602 0.401207
0.109022 0.0115286 -0.212011 0.409767
0.111124 0.0120005 -0.216331 0.418226
0.113223 0.012482 -0.220561 0.426585
0.115321 0.0129732 -0.224699 0.434832
0.117415 0.0134741 -0.228746 0.44297
0.119508 0.0139848 -0.232696 0.450992
0.121598 0.0145053 -0.236547 0.458899
0.123686 0.0150354 -0.240297 0.466686
0.125771 0.0155753 -0.243946 0.474352
0.127854 0.016125 -0.247489 0.481895
0.129934 0.0166844 -0.250926 0.489312
0.132011 0.0172536 -0.254256 0.496603
0.134086 0.0178325 -0.257477 0.503765
0.136158 0.0184211 -0.260588 0.510797
0.138227 0.0190195 -0.263591 0.517697
0.140294 0.0196275 -0.26648 0.524465
0.142357 0.0202454 -0.269257 0.5311
0.144417 0.0208731 -0.271919 0.537599
0.146475 0.0215108 -0.274469 0.543962
0.148529 0.022158 -0.276906 0.550191
0.150581 0.0228152 -0.279226 0.556284
0.152629 0.0234822 -0.281431 0.562241
0.154674 0.024159 -0.283524 0.568056
0.156715 0.0248454 -0.285502 0.573736
0.158754 0.0255415 -0.287366 0.579279
0.160789 0.0262473 -0.289113 0.584685
0.16282 0.026963 -0.290746 0.589955
0.164849 0.0276884 -0.292265 0.595088
0.166873 0.0284238 -0.293672 0.600084
0.168894 0.0291688 -0.294965 0.604944
0.170912 0.0299235 -0.296145 0.609669
0.172925 0.0306879 -0.297214 0.614259
0.174935 0.0314621 -0.29817 0.618717
0.176942 0.0322461 -0.299015 0.623043
0.178944 0.0330397 -0.299751 0.627237
0.180943 0.033843 -0.30038 0.631297
0.182937 0.0346562 -0.300899 0.635229
0.184928 0.0354788 -0.30131 0.639033
0.186914 0.0363112 -0.301614 0.642712
0.188897 0.0371533 -0.301813 0.646264
0.190875 0.038005 -0.301912 0.64969
0.19285 0.0388664 -0.301909 0.652991
0.19482 0.0397375 -0.301806 0.656169
0.196785 0.0406183 -0.301603 0.659227
0.198747 0.0415089 -0.301299 0.66217
0.200704 0.0424089 -0.300896 0.664996
0.202656 0.0433184 -0.3004 0.667704
0.204604 0.0442375 -0.299813 0.670298
0.206548 0.045166 -0.29913 0.672779
0.208487 0.0461042 -0.298353 0.675154
0.210421 0.0470519 -0.297494 0.677414
0.21235 0.0480093 -0.296545 0.679569
0.214275 0.0489762 -0.295509 0.68162
0.216195 0.0499526 -0.294391 0.683565
0.21811 0.0509385 -0.29319 0.68541
0.22002 0.0519338 -0.291905 0.687158
0.221926 0.0529385 -0.290542 0.688808
0.223826 0.0539526 -0.289102 0.690362
0.225721 0.0549762 -0.287583 0.691824
0.227611 0.0560092 -0.285987 0.693198
0.229496 0.0570517 -0.28432 0.694481
0.231376 0.0581035 -0.282584 0.695677
0.23325 0.0591646 -0.280778 0.696789
0.23512 0.0602351 -0.278902 0.697817
0.236983 0.061315 -0.276961 0.698768
0.238842 0.0624041 -0.274952 0.699642
0.240695 0.0635024 -0.272885 0.700436
0.242542 0.0646099 -0.270759 0.701155
0.244384 0.0657265 -0.268572 0.701803
0.24622 0.0668523 -0.266328 0.702383
0.248051 0.0679872 -0.264024 0.702899
0.249876 0.0691313 -0.261666 0.703349
0.251695 0.0702844 -0.259247 0.703744
0.253508 0.0714466 -0.256766 0.704085
0.255316 0.0726179 -0.254235 0.70437
0.257118 0.0737982 -0.251655 0.704599
0.258914 0.0749876 -0.249033 0.704772
0.260703 0.076186 -0.246362 0.704894
0.262487 0.0773932 -0.243651 0.704968
0.264265 0.0786093 -0.2409 0.704991
0.266037 0.0798342 -0.238111 0.704967
0.267803 0.0810679 -0.235287 0.704897
0.269563 0.0823105 -0.23243 0.704782
0.271316 0.0835619 -0.229536 0.704633
0.273063 0.0848218 -0.226612 0.704442
0.274804 0.0860903 -0.223658 0.704213
0.276538 0.0873675 -0.220673 0.703953
0.278266 0.0886534 -0.217661 0.70366
0.279988 0.089948 -0.214623 0.703336
0.281703 0.0912511 -0.211562 0.702983
0.283412 0.0925627 -0.208483 0.702599
0.285114 0.0938826 -0.205382 0.702191
0.286809 0.0952111 -0.20226 0.701762
0.288498 0.096548 -0.199118 0.701311
0.290181 0.0978933 -0.195962 0.700839
0.291856 0.0992469 -0.192791 0.700348
0.293525 0.100609 -0.189609 0.699839
0.295187 0.101979 -0.186412 0.699317
0.296841 0.103358 -0.183204 0.698783
0.298489 0.104745 -0.179989 0.698237
0.300131 0.10614 -0.176763 0.69768
0.301765 0.107543 -0.173532 0.697112
0.303392 0.108954 -0.170295 0.696541
0.305012 0.110374 -0.167054 0.695964
0.306625 0.111801 -0.163812 0.69538
0.308231 0.113237 -0.160568 0.694795
0.30983 0.11468 -0.157324 0.694207
0.311422 0.116131 -0.154081 0.693617
0.313006 0.11759 -0.150841 0.69303
0.314583 0.119057 -0.147603 0.692445
0.316153 0.120532 -0.144368 0.691865
0.317715 0.122015 -0.141135 0.691293
0.31927 0.123505 -0.13791 0.690725
0.320818 0.125003 -0.134695 0.690164
0.322358 0.126509 -0.131486 0.689612
0.32389 0.128023 -0.128291 0.689067
0.325415 0.129544 -0.125109 0.68853
0.326932 0.131073 -0.121931 0.68801
0.328442 0.132609 -0.118765 0.687503
0.329944 0.134153 -0.115608 0.687014
0.331439 0.135704 -0.112466 0.686536
0.332926 0.137263 -0.109342 0.686072
0.334405 0.138829 -0.106238 0.685619
0.335876 0.140402 -0.103145 0.685191
0.337339 0.141983 -0.100067 0.684781
0.338795 0.143571 -0.0970067 0.68439
0.340243 0.145166 -0.0939665 0.684016
0.341682 0.146769 -0.0909468 0.683663
0.343114 0.148378 -0.087944 0.683331
0.344538 0.149995 -0.08496 0.683023
0.345954 0.151618 -0.081997 0.682738
0.347361 0.153248 -0.0790583 0.682471
0.348761 0.154885 -0.0761387 0.682229
0.350153 0.156529 -0.0732393 0.682013
0.351537 0.15818 -0.0703633 0.681821
0.352912 0.159837 -0.0675069 0.681658
0.354279 0.161501 -0.0646737 0.681521
0.355639 0.163172 -0.0618688 0.681404
0.356989 0.16485 -0.0590915 0.681313
0.358332 0.166534 -0.0563356 0.681252
0.359666 0.168225 -0.0536006 0.681221
0.360992 0.169923 -0.0508941 0.681211
0.36231 0.171627 -0.0482155 0.681229
0.363619 0.173337 -0.0455629 0.681275
0.364919 0.175054 -0.0429345 0.681351
0.366212 0.176778 -0.0403288 0.681459
0.367495 0.178507 -0.0377491 0.681594
0.368771 0.180243 -0.0351955 0.68176
0.370039 0.181985 -0.0326746 0.681947
0.371297 0.183732 -0.0301824 0.682161
0.372547 0.185487 -0.0277119 0.682411
0.373789 0.187247 -0.0252687 0.68269
0.375022 0.189013 -0.0228536 0.682996
0.376246 0.190785 -0.0204657 0.683333
0.377461 0.192564 -0.0181061 0.683697
0.378668 0.194348 -0.0157727 0.684091
0.379866 0.196138 -0.013465 0.684515
0.381056 0.197934 -0.0111841 0.684967
0.382237 0.199735 -0.0089305 0.685446
0.38341 0.201542 -0.0067065 0.685955
0.384573 0.203355 -0.00451063 0.68649
0.385728 0.205173 -0.00233977 0.687057
0.386874 0.206997 -0.00019572 0.68765
0.388011 0.208827 0.00191935 0.688269
0.389139 0.210662 0.00400867 0.688917
0.390259 0.212502 0.00607426 0.689594
0.39137 0.214347 0.00810999 0.690296
0.392472 0.216198 0.0101214 0.69103
0.393565 0.218053 0.0121088 0.691788
0.394649 0.219915 0.0140711 0.692572
0.395725 0.22178 0.0160046 0.693381
0.396791 0.223652 0.0179143 0.694216
0.397849 0.225528 0.0197974 0.695071
0.398898 0.227409 0.0216553 0.695956
0.399938 0.229296 0.0234869 0.696865
0.400968 0.231187 0.0252945 0.697797
0.40199 0.233083 0.0270797 0.698751
0.403003 0.234985 0.0288406 0.699732
0.404007 0.23689 0.0305779 0.700735
0.405001 0.238801 0.0322888 0.701756
0.405987 0.240716 0.0339777 0.702802
0.406965 0.242636 0.0356477 0.703871
0.407932 0.24456 0.0372989 0.704965
0.408891 0.246489 0.038926 0.706077
0.409841 0.248422 0.0405264 0.707206
0.410783 0.250359 0.0421078 0.708356
0.411715 0.252301 0.0436671 0.709523
0.412638 0.254247 0.0452059 0.710705
0.413552 0.256197 0.046729 0.711912
0.414456 0.258152 0.0482321 0.713135
0.415353 0.26011 0.0497131 0.714372
0.41624 0.262073 0.0511736 0.715625
0.417118 0.26404 0.052617 0.716896
0.417987 0.26601 0.054045 0.718184
0.418847 0.267985 0.055453 0.719483
0.419697 0.269965 0.0568394 0.720797
0.420539 0.271948 0.0582076 0.722123
0.421371 0.273934 0.0595668 0.723465
0.422195 0.275925 0.0609082 0.724816
0.42301 0.277919 0.0622321 0.726182
0.423815 0.279917 0.0635369 0.727556
0.424611 0.281918 0.0648321 0.728944
0.425399 0.283924 0.0661131 0.73034
0.426177 0.285932 0.0673811 0.731751
0.426947 0.287944 0.0686326 0.733167
0.427707 0.289959 0.0698639 0.734584
0.428459 0.291978 0.0710855 0.73601
0.429202 0.293999 0.0723003 0.737449
0.429936 0.296025 0.0735021 0.738895
0.430661 0.298053 0.0746931 0.740348
0.431376 0.300085 0.0758756 0.74181
0.432083 0.302119 0.0770479 0.743274
0.432782 0.304157 0.0782067 0.74474
0.433471 0.306198 0.0793531 0.74621
0.434151 0.308241 0.080491 0.74768
0.434822 0.310288 0.0816217 0.749151
0.435484 0.312337 0.0827448 0.750633
0.436138 0.31439 0.0838592 0.752115
0.436782 0.316445 0.0849646 0.753598
0.437418 0.318502 0.0860695 0.755083
0.438046 0.320563 0.0871651 0.756568
0.438665 0.322626 0.0882499 0.758046
0.439275 0.324691 0.0893278 0.759521
0.439876 0.32676 0.0904018 0.761001
0.440468 0.328831 0.0914737 0.762483
0.441051 0.330904 0.0925445 0.763966
0.441626 0.33298 0.0936087 0.76544
0.442192 0.335058 0.0946682 0.766912
0.442749 0.337139 0.0957226 0.768378
0.443297 0.339222 0.0967678 0.769834
0.443838 0.341307 0.0978124 0.771288
0.44437 0.343395 0.0988554 0.772741
0.444893 0.345484 0.0998962 0.774185
0.445407 0.347576 0.100935 0.775621
0.445913 0.34967 0.101972 0.77705
0.446411 0.351766 0.103017 0.778483
0.446901 0.353864 0.104058 0.779907
0.447382 0.355963 0.105093 0.781319
0.447854 0.358065 0.106123 0.782715
0.448318 0.360169 0.107156 0.784109
0.448774 0.362274 0.108198 0.785497
0.449222 0.364381 0.109236 0.786868
0.449662 0.366489 0.110274 0.788232
0.450093 0.368599 0.111313 0.789587
0.450517 0.370711 0.112354 0.790931
0.450932 0.372824 0.113395 0.792263
0.45134 0.374939 0.114444 0.793589
0.451739 0.377056 0.115491 0.7949
0.452129 0.379174 0.116535 0.796193
0.452512 0.381294 0.117583 0.797472
0.452887 0.383415 0.118642 0.79875
0.453254 0.385538 0.119705 0.80002
0.453614 0.387662 0.120767 0.801268
0.453966 0.389786 0.121833 0.802502
0.45431 0.391913 0.122905 0.803724
0.454647 0.39404 0.123982 0.804937
0.454975 0.396169 0.125061 0.806135
0.455296 0.398299 0.126145 0.807316
0.455609 0.40043 0.127231 0.808479
0.455915 0.402562 0.128326 0.809634
0.456213 0.404696 0.129429 0.810777
0.456505 0.40683 0.130533 0.811902
0.456789 0.408965 0.13164 0.813004
0.457066 0.411102 0.132753 0.814091
0.457334 0.413239 0.133873 0.815167
0.457595 0.415378 0.135001 0.81623
0.45785 0.417517 0.136135 0.817277
0.458097 0.419657 0.137275 0.818306
0.458338 0.421798 0.138426 0.819326
0.458571 0.42394 0.139583 0.820336
0.458798 0.426082 0.140745 0.821318
0.459019 0.428225 0.141904 0.822274
0.459232 0.430368 0.143071 0.823218
0.45944 0.432512 0.14425 0.824156
0.45964 0.434656 0.145442 0.825078
0.459832 0.436802 0.146639 0.825982
0.460019 0.438948 0.147839 0.826865
0.460199 0.441095 0.149043 0.827728
0.460373 0.443242 0.150261 0.828583
0.460541 0.445389 0.151484 0.829416
0.460703 0.447537 0.152708 0.830225
0.460858 0.449685 0.153947 0.831029
0.461007 0.451834 0.155193 0.831817
0.461149 0.453983 0.156447 0.832585
0.461286 0.456132 0.157706 0.833334
0.461417 0.458282 0.158972 0.834066
0.461543 0.460432 0.160252 0.834788
0.461663 0.462583 0.161541 0.835493
0.461777 0.464733 0.162835 0.836181
0.461886 0.466884 0.164132 0.836848
0.461989 0.469035 0.165437 0.837497
0.462086 0.471187 0.166756 0.838137
0.462179 0.473338 0.16808 0.83876
0.462266 0.47549 0.169417 0.839371
0.462348 0.477642 0.170752 0.839957
0.462425 0.479795 0.17209 0.840519
0.462496 0.481947 0.173439 0.841071
0.462562 0.4841 0.174803 0.841615
0.462624 0.486253 0.176176 0.842146
0.462681 0.488406 0.177556 0.842663
0.462734 0.490559 0.178944 0.843158
0.462781 0.492713 0.180335 0.843634
0.462824 0.494866 0.181734 0.844095
0.462863 0.49702 0.183143 0.844546
0.462897 0.499173 0.184561 0.844984
0.462928 0.501327 0.185986 0.845404
0.462954 0.503481 0.187416 0.845804
0.462976 0.505634 0.188853 0.846191
0.462994 0.507788 0.190305 0.846575
0.463009 0.509941 0.191764 0.846941
0.463021 0.512095 0.193224 0.847287
0.463028 0.514249 0.194688 0.847611
0.463032 0.516403 0.196165 0.847932
0.46303 0.518557 0.19765 0.848242
0.463026 0.520712 0.199146 0.848541
0.463019 0.522866 0.200643 0.848817
0.463008 0.52502 0.202148 0.849084
0.462995 0.527174 0.203663 0.849338
0.462979 0.529329 0.205188 0.849584
0.46296 0.531482 0.206716 0.849815
0.462938 0.533637 0.208251 0.850029
0.462915 0.53579 0.209795 0.850232
0.462889 0.537944 0.211345 0.85042
0.46286 0.540097 0.212902 0.850597
0.462828 0.542251 0.214467 0.850766
0.462794 0.544405 0.216042 0.850926
0.462757 0.546559 0.217618 0.851068
0.462719 0.548713 0.219203 0.851202
0.462678 0.550867 0.220797 0.851324
0.462636 0.553021 0.2224 0.851437
0.462593 0.555174 0.224011 0.85154
0.462549 0.557327 0.225629 0.851633
0.462504 0.55948 0.227249 0.85171
0.462457 0.561633 0.228875 0.851774
0.462408 0.563786 0.230508 0.851826
0.462357 0.56594 0.232151 0.851874
0.462306 0.568093 0.233803 0.851915
0.462255 0.570246 0.235463 0.851945
0.462201 0.572399 0.237129 0.851967
0.462147 0.574553 0.2388 0.851976
0.462092 0.576706 0.240475 0.851972
0.462037 0.57886 0.242157 0.85196
0.461982 0.581012 0.243849 0.85194
0.461927 0.583166 0.245548 0.851911
0.461873 0.585319 0.247255 0.851876
0.461818 0.587472 0.248966 0.851827
0.461762 0.589625 0.250685 0.851771
0.461707 0.591778 0.252413 0.85171
0.461651 0.593932 0.254148 0.851639
0.461595 0.596085 0.255886 0.851558
0.461541 0.598238 0.257633 0.851471
0.461489 0.600392 0.259388 0.851375
0.461437 0.602544 0.261156 0.85127
0.461386 0.604698 0.262932 0.851162
0.461335 0.606851 0.264712 0.851046
0.461285 0.609005 0.266496 0.850917
0.461235 0.611159 0.268285 0.850781
0.461186 0.613312 0.270081 0.850639
0.461138 0.615467 0.271886 0.85049
0.461093 0.61762 0.273699 0.850332
0.461051 0.619774 0.275519 0.850165
0.461011 0.621927 0.277349 0.849992
0.460972 0.624081 0.279187 0.849812
0.460935 0.626235 0.281034 0.849623
0.4609 0.628388 0.282889 0.849428
0.460867 0.630542 0.284752 0.849231
0.460837 0.632695 0.286622 0.849026
0.460809 0.634849 0.2885 0.848812
0.460782 0.637004 0.290384 0.848591
0.460757 0.639158 0.292276 0.848361
0.460735 0.641312 0.294174 0.848121
0.460717 0.643466 0.296081 0.847874
0.460703 0.645621 0.298 0.847626
0.460692 0.647775 0.299931 0.847374
0.460683 0.649929 0.301869 0.847116
0.460675 0.652084 0.303811 0.846851
0.46067 0.654238 0.30576 0.846573
0.460669 0.656393 0.307722 0.846289
0.460674 0.658547 0.309693 0.845999
0.460683 0.660701 0.311673 0.845704
0.460694 0.662855 0.31366 0.845399
0.46071 0.665009 0.315655 0.84509
0.460728 0.667163 0.31766 0.844775
0.460751 0.669317 0.319675 0.844452
0.460778 0.671471 0.321701 0.844124
0.460808 0.673625 0.323737 0.843787
0.460842 0.675779 0.325781 0.843445
0.460882 0.677933 0.327832 0.843095
0.460927 0.680086 0.329894 0.842739
0.460977 0.68224 0.331968 0.842377
0.461032 0.684393 0.334054 0.84201
0.461091 0.686546 0.336147 0.841637
0.461154 0.688699 0.33825 0.841254
0.461221 0.690852 0.340363 0.840865
0.461293 0.693005 0.342485 0.840472
0.461369 0.695158 0.34462 0.840069
0.461451 0.69731 0.346761 0.839662
0.461537 0.699463 0.348912 0.839248
0.46163 0.701615 0.351076 0.838828
0.461729 0.703766 0.353254 0.8384
0.461833 0.705918 0.355441 0.837966
0.461943 0.708069 0.357637 0.837525
0.462057 0.71022 0.359842 0.837077
0.462179 0.71237 0.36206 0.836623
0.462307 0.714519 0.364291 0.836162
0.46244 0.716669 0.366533 0.835696
0.462579 0.718819 0.368784 0.835221
0.462723 0.720968 0.371043 0.834743
0.462874 0.723117 0.373312 0.834258
0.463029 0.725265 0.375592 0.833768
0.46319 0.727413 0.377883 0.833271
0.463359 0.72956 0.380187 0.832768
0.463535 0.731706 0.382504 0.832258
0.463717 0.733852 0.384832 0.831742
0.463905 0.735997 0.387168 0.831219
0.4641 0.738142 0.389515 0.830692
0.464302 0.740286 0.391872 0.830158
0.464511 0.74243 0.39424 0.829619
0.464726 0.744573 0.396618 0.829075
0.464947 0.746716 0.399009 0.828525
0.465175 0.748857 0.40141 0.82797
0.46541 0.750998 0.40382 0.827411
0.465652 0.753138 0.406241 0.826846
0.465902 0.755277 0.408673 0.826277
0.466158 0.757416 0.411116 0.825704
0.466421 0.759554 0.413568 0.825126
0.46669 0.761691 0.41603 0.824543
0.466967 0.763827 0.4185 0.823955
0.467251 0.765962 0.42098 0.823365
0.467545 0.768096 0.423471 0.82277
0.467846 0.770229 0.425974 0.822172
0.468154 0.77236 0.428486 0.821571
0.468469 0.774491 0.431006 0.820966
0.46879 0.776621 0.433533 0.820359
0.469119 0.77875 0.436068 0.81975
0.469456 0.780877 0.438613 0.819138
0.4698 0.783004 0.441166 0.818523
0.470152 0.785129 0.443726 0.817908
0.470511 0.787253 0.446295 0.817292
0.47088 0.789374 0.448873 0.816674
0.471256 0.791496 0.451461 0.816055
0.471641 0.793615 0.454055 0.815435
0.472035 0.795732 0.456656 0.814815
0.472436 0.797849 0.459265 0.814196
0.472844 0.799964 0.461881 0.813576
0.473259 0.802077 0.464504 0.812957
0.473683 0.804189 0.467137 0.812339
0.474116 0.806299 0.469787 0.811719
0.474557 0.808407 0.472468 0.811095
0.475006 0.810514 0.475006 0.810514
