0.0000 0.0000 0.0000 0.0000
0.0011 -0.0019 0.0025 0.0017
0.0022 -0.0037 0.0050 0.0039
0.0033 -0.0056 0.0079 0.0067
0.0044 -0.0074 0.0109 0.0099
0.0055 -0.0092 0.0142 0.0137
0.0066 -0.0111 0.0176 0.0178
0.0078 -0.0129 0.0212 0.0225
0.0089 -0.0147 0.0249 0.0275
0.0101 -0.0166 0.0288 0.0329
0.0112 -0.0184 0.0328 0.0386
0.0124 -0.0202 0.0370 0.0447
0.0136 -0.0220 0.0413 0.0512
0.0147 -0.0238 0.0457 0.0579
0.0159 -0.0256 0.0502 0.0649
0.0171 -0.0274 0.0549 0.0722
0.0183 -0.0292 0.0596 0.0797
0.0195 -0.0310 0.0644 0.0874
0.0207 -0.0327 0.0693 0.0954
0.0220 -0.0345 0.0743 0.1035
0.0232 -0.0363 0.0794 0.1119
0.0244 -0.0380 0.0845 0.1204
0.0257 -0.0398 0.0897 0.1290
0.0269 -0.0416 0.0949 0.1378
0.0282 -0.0433 0.1002 0.1466
0.0295 -0.0450 0.1055 0.1556
0.0307 -0.0468 0.1109 0.1647
0.0320 -0.0485 0.1163 0.1739
0.0333 -0.0502 0.1217 0.1831
0.0346 -0.0520 0.1272 0.1923
0.0359 -0.0537 0.1327 0.2017
0.0372 -0.0554 0.1382 0.2110
0.0386 -0.0571 0.1437 0.2204
0.0399 -0.0588 0.1493 0.2297
0.0412 -0.0605 0.1548 0.2391
0.0426 -0.0621 0.1603 0.2485
0.0439 -0.0638 0.1659 0.2578
0.0453 -0.0655 0.1714 0.2671
0.0466 -0.0672 0.1769 0.2764
0.0480 -0.0688 0.1824 0.2856
0.0494 -0.0705 0.1879 0.2948
0.0508 -0.0721 0.1933 0.3039
0.0522 -0.0738 0.1988 0.3129
0.0536 -0.0754 0.2042 0.3219
0.0550 -0.0770 0.2096 0.3307
0.0564 -0.0786 0.2149 0.3395
0.0578 -0.0803 0.2203 0.3482
0.0593 -0.0819 0.2255 0.3568
0.0607 -0.0835 0.2308 0.3653
0.0622 -0.0851 0.2360 0.3737
0.0636 -0.0866 0.2412 0.3820
0.0651 -0.0882 0.2463 0.3901
0.0665 -0.0898 0.2514 0.3981
0.0680 -0.0914 0.2565 0.4060
0.0695 -0.0929 0.2615 0.4137
0.0710 -0.0945 0.2665 0.4213
0.0725 -0.0960 0.2714 0.4288
0.0740 -0.0976 0.2763 0.4361
0.0755 -0.0991 0.2811 0.4433
0.0770 -0.1006 0.2859 0.4503
0.0786 -0.1022 0.2906 0.4572
0.0801 -0.1037 0.2953 0.4639
0.0816 -0.1052 0.2999 0.4705
0.0832 -0.1067 0.3044 0.4769
0.0847 -0.1082 0.3089 0.4831
0.0863 -0.1096 0.3134 0.4892
0.0879 -0.1111 0.3177 0.4951
0.0894 -0.1126 0.3221 0.5008
0.0910 -0.1140 0.3263 0.5064
0.0926 -0.1155 0.3305 0.5118
0.0942 -0.1169 0.3347 0.5171
0.0958 -0.1184 0.3388 0.5222
0.0974 -0.1198 0.3428 0.5271
0.0990 -0.1212 0.3467 0.5318
0.1007 -0.1226 0.3506 0.5364
0.1023 -0.1241 0.3545 0.5408
0.1039 -0.1255 0.3583 0.5451
0.1056 -0.1268 0.3620 0.5491
0.1072 -0.1282 0.3656 0.5530
0.1089 -0.1296 0.3692 0.5568
0.1106 -0.1310 0.3728 0.5604
0.1122 -0.1323 0.3763 0.5638
0.1139 -0.1337 0.3797 0.5670
0.1156 -0.1350 0.3830 0.5701
0.1173 -0.1364 0.3863 0.5730
0.1190 -0.1377 0.3896 0.5758
0.1207 -0.1390 0.3928 0.5784
0.1224 -0.1403 0.3959 0.5808
0.1241 -0.1416 0.3990 0.5831
0.1258 -0.1429 0.4020 0.5852
0.1276 -0.1442 0.4050 0.5872
0.1293 -0.1455 0.4079 0.5890
0.1310 -0.1467 0.4107 0.5906
0.1328 -0.1480 0.4135 0.5922
0.1345 -0.1492 0.4163 0.5935
0.1363 -0.1505 0.4189 0.5948
0.1381 -0.1517 0.4216 0.5958
0.1398 -0.1529 0.4242 0.5968
0.1416 -0.1542 0.4267 0.5976
0.1434 -0.1554 0.4292 0.5982
0.1452 -0.1566 0.4316 0.5988
0.1470 -0.1578 0.4340 0.5992
0.1488 -0.1589 0.4364 0.5995
0.1506 -0.1601 0.4387 0.5996
0.1524 -0.1613 0.4409 0.5996
0.1542 -0.1624 0.4431 0.5995
0.1561 -0.1636 0.4453 0.5993
0.1579 -0.1647 0.4474 0.5989
0.1597 -0.1658 0.4494 0.5985
0.1616 -0.1669 0.4515 0.5979
0.1634 -0.1681 0.4535 0.5972
0.1653 -0.1692 0.4554 0.5964
0.1671 -0.1702 0.4573 0.5956
0.1690 -0.1713 0.4592 0.5946
0.1709 -0.1724 0.4610 0.5935
0.1727 -0.1735 0.4628 0.5923
0.1746 -0.1745 0.4646 0.5910
0.1765 -0.1756 0.4663 0.5896
0.1784 -0.1766 0.4680 0.5881
0.1803 -0.1776 0.4697 0.5866
0.1822 -0.1786 0.4713 0.5849
0.1841 -0.1796 0.4729 0.5832
0.1860 -0.1806 0.4745 0.5814
0.1879 -0.1816 0.4761 0.5795
0.1898 -0.1826 0.4776 0.5775
0.1917 -0.1836 0.4792 0.5755
0.1937 -0.1845 0.4807 0.5734
0.1956 -0.1855 0.4821 0.5712
0.1975 -0.1864 0.4836 0.5690
0.1995 -0.1873 0.4850 0.5667
0.2014 -0.1882 0.4864 0.5643
0.2034 -0.1892 0.4878 0.5619
0.2053 -0.1901 0.4892 0.5594
0.2073 -0.1909 0.4905 0.5569
0.2093 -0.1918 0.4919 0.5543
0.2112 -0.1927 0.4932 0.5517
0.2132 -0.1936 0.4945 0.5490
0.2152 -0.1944 0.4958 0.5463
0.2172 -0.1953 0.4970 0.5436
0.2192 -0.1961 0.4983 0.5408
0.2212 -0.1969 0.4995 0.5380
0.2232 -0.1977 0.5008 0.5351
0.2252 -0.1985 0.5020 0.5322
0.2272 -0.1993 0.5032 0.5293
0.2292 -0.2001 0.5044 0.5264
0.2312 -0.2009 0.5056 0.5234
0.2332 -0.2016 0.5067 0.5204
0.2352 -0.2024 0.5079 0.5174
0.2372 -0.2031 0.5091 0.5144
0.2393 -0.2038 0.5102 0.5114
0.2413 -0.2046 0.5114 0.5083
0.2433 -0.2053 0.5126 0.5053
0.2454 -0.2060 0.5137 0.5022
0.2474 -0.2067 0.5148 0.4991
0.2494 -0.2073 0.5160 0.4960
0.2515 -0.2080 0.5171 0.4929
0.2535 -0.2087 0.5183 0.4898
0.2556 -0.2093 0.5194 0.4867
0.2577 -0.2100 0.5205 0.4836
0.2597 -0.2106 0.5216 0.4806
0.2618 -0.2112 0.5228 0.4775
0.2638 -0.2118 0.5239 0.4744
0.2659 -0.2124 0.5251 0.4713
0.2680 -0.2130 0.5262 0.4682
0.2701 -0.2136 0.5273 0.4652
0.2721 -0.2142 0.5285 0.4621
0.2742 -0.2147 0.5296 0.4591
0.2763 -0.2153 0.5308 0.4561
0.2784 -0.2158 0.5319 0.4531
0.2805 -0.2163 0.5331 0.4501
0.2826 -0.2168 0.5343 0.4471
0.2847 -0.2173 0.5354 0.4442
0.2868 -0.2178 0.5366 0.4412
0.2889 -0.2183 0.5378 0.4383
0.2910 -0.2188 0.5390 0.4354
0.2931 -0.2193 0.5402 0.4326
0.2952 -0.2197 0.5414 0.4297
0.2973 -0.2201 0.5426 0.4269
0.2994 -0.2206 0.5438 0.4241
0.3015 -0.2210 0.5451 0.4214
0.3036 -0.2214 0.5463 0.4187
0.3057 -0.2218 0.5476 0.4160
0.3078 -0.2222 0.5488 0.4133
0.3100 -0.2226 0.5501 0.4106
0.3121 -0.2230 0.5514 0.4080
0.3142 -0.2233 0.5527 0.4055
0.3163 -0.2237 0.5540 0.4029
0.3185 -0.2240 0.5553 0.4004
0.3206 -0.2243 0.5566 0.3979
0.3227 -0.2246 0.5579 0.3955
0.3249 -0.2249 0.5593 0.3931
0.3270 -0.2252 0.5606 0.3907
0.3291 -0.2255 0.5620 0.3883
0.3313 -0.2258 0.5634 0.3860
0.3334 -0.2261 0.5647 0.3838
0.3355 -0.2263 0.5661 0.3815
0.3377 -0.2266 0.5675 0.3794
0.3398 -0.2268 0.5690 0.3772
0.3420 -0.2270 0.5704 0.3751
0.3441 -0.2272 0.5718 0.3730
0.3463 -0.2274 0.5733 0.3710
0.3484 -0.2276 0.5747 0.3690
0.3505 -0.2278 0.5762 0.3670
0.3527 -0.2280 0.5777 0.3651
0.3548 -0.2281 0.5792 0.3632
0.3570 -0.2283 0.5807 0.3613
0.3591 -0.2284 0.5822 0.3595
0.3613 -0.2286 0.5838 0.3577
0.3634 -0.2287 0.5853 0.3560
0.3656 -0.2288 0.5869 0.3543
0.3677 -0.2289 0.5884 0.3526
0.3699 -0.2290 0.5900 0.3510
0.3720 -0.2290 0.5916 0.3494
0.3742 -0.2291 0.5932 0.3479
0.3764 -0.2292 0.5948 0.3463
0.3785 -0.2292 0.5964 0.3449
0.3807 -0.2293 0.5980 0.3434
0.3828 -0.2293 0.5997 0.3420
0.3850 -0.2293 0.6013 0.3407
0.3871 -0.2293 0.6030 0.3393
0.3893 -0.2293 0.6046 0.3380
0.3914 -0.2293 0.6063 0.3368
0.3936 -0.2293 0.6080 0.3356
0.3957 -0.2292 0.6097 0.3344
0.3979 -0.2292 0.6114 0.3332
0.4000 -0.2291 0.6131 0.3321
0.4022 -0.2290 0.6148 0.3310
0.4043 -0.2290 0.6165 0.3299
0.4065 -0.2289 0.6183 0.3289
0.4087 -0.2288 0.6200 0.3279
0.4108 -0.2287 0.6218 0.3270
0.4130 -0.2286 0.6235 0.3260
0.4151 -0.2284 0.6253 0.3251
0.4173 -0.2283 0.6271 0.3243
0.4194 -0.2281 0.6289 0.3234
0.4216 -0.2280 0.6306 0.3226
0.4237 -0.2278 0.6324 0.3218
0.4258 -0.2276 0.6342 0.3211
0.4280 -0.2275 0.6360 0.3203
0.4301 -0.2273 0.6378 0.3196
0.4323 -0.2270 0.6396 0.3190
0.4344 -0.2268 0.6415 0.3183
0.4366 -0.2266 0.6433 0.3177
0.4387 -0.2264 0.6451 0.3171
0.4408 -0.2261 0.6469 0.3165
0.4430 -0.2259 0.6488 0.3159
0.4451 -0.2256 0.6506 0.3154
0.4473 -0.2253 0.6524 0.3149
0.4494 -0.2250 0.6543 0.3144
0.4515 -0.2247 0.6561 0.3139
0.4537 -0.2244 0.6580 0.3135
0.4558 -0.2241 0.6598 0.3131
0.4579 -0.2238 0.6617 0.3126
0.4600 -0.2235 0.6635 0.3122
0.4622 -0.2231 0.6654 0.3119
0.4643 -0.2228 0.6672 0.3115
0.4664 -0.2224 0.6691 0.3111
0.4685 -0.2220 0.6709 0.3108
0.4707 -0.2216 0.6728 0.3105
0.4728 -0.2213 0.6746 0.3102
0.4749 -0.2209 0.6765 0.3099
0.4770 -0.2204 0.6784 0.3096
0.4791 -0.2200 0.6802 0.3093
0.4812 -0.2196 0.6821 0.3091
0.4833 -0.2192 0.6839 0.3088
0.4855 -0.2187 0.6858 0.3086
0.4876 -0.2183 0.6876 0.3084
0.4897 -0.2178 0.6895 0.3081
0.4918 -0.2173 0.6913 0.3079
0.4939 -0.2168 0.6931 0.3077
0.4960 -0.2163 0.6950 0.3075
0.4981 -0.2158 0.6968 0.3073
0.5001 -0.2153 0.6986 0.3071
0.5022 -0.2148 0.7004 0.3070
0.5043 -0.2143 0.7023 0.3068
0.5064 -0.2138 0.7041 0.3066
0.5085 -0.2132 0.7059 0.3064
0.5106 -0.2127 0.7077 0.3063
0.5127 -0.2121 0.7095 0.3061
0.5147 -0.2115 0.7113 0.3059
0.5168 -0.2109 0.7131 0.3058
0.5189 -0.2104 0.7149 0.3056
0.5209 -0.2098 0.7167 0.3054
0.5230 -0.2091 0.7184 0.3053
0.5251 -0.2085 0.7202 0.3051
0.5271 -0.2079 0.7220 0.3049
0.5292 -0.2073 0.7237 0.3047
0.5313 -0.2066 0.7255 0.3046
0.5333 -0.2060 0.7272 0.3044
0.5354 -0.2053 0.7289 0.3042
0.5374 -0.2047 0.7307 0.3040
0.5395 -0.2040 0.7324 0.3038
0.5415 -0.2033 0.7341 0.3036
0.5435 -0.2026 0.7358 0.3034
0.5456 -0.2019 0.7375 0.3032
0.5476 -0.2012 0.7392 0.3030
0.5497 -0.2005 0.7409 0.3028
0.5517 -0.1998 0.7425 0.3025
0.5537 -0.1991 0.7442 0.3023
0.5557 -0.1984 0.7458 0.3020
0.5578 -0.1976 0.7475 0.3018
0.5598 -0.1969 0.7491 0.3015
0.5618 -0.1961 0.7507 0.3012
0.5638 -0.1953 0.7524 0.3009
0.5658 -0.1946 0.7540 0.3007
0.5678 -0.1938 0.7556 0.3003
0.5698 -0.1930 0.7572 0.3000
0.5718 -0.1922 0.7587 0.2997
0.5738 -0.1914 0.7603 0.2994
0.5758 -0.1906 0.7619 0.2990
0.5778 -0.1898 0.7634 0.2987
0.5798 -0.1890 0.7649 0.2983
0.5818 -0.1881 0.7665 0.2979
0.5838 -0.1873 0.7680 0.2975
0.5858 -0.1865 0.7695 0.2971
0.5878 -0.1856 0.7710 0.2967
0.5897 -0.1848 0.7725 0.2962
0.5917 -0.1839 0.7739 0.2958
0.5937 -0.1830 0.7754 0.2953
0.5957 -0.1822 0.7769 0.2948
0.5976 -0.1813 0.7783 0.2944
0.5996 -0.1804 0.7798 0.2938
0.6015 -0.1795 0.7812 0.2933
0.6035 -0.1786 0.7826 0.2928
0.6055 -0.1777 0.7840 0.2923
0.6074 -0.1768 0.7854 0.2917
0.6094 -0.1759 0.7868 0.2911
0.6113 -0.1749 0.7881 0.2905
0.6132 -0.1740 0.7895 0.2899
0.6152 -0.1731 0.7908 0.2893
0.6171 -0.1721 0.7922 0.2887
0.6191 -0.1712 0.7935 0.2880
0.6210 -0.1702 0.7948 0.2874
0.6229 -0.1693 0.7961 0.2867
0.6248 -0.1683 0.7974 0.2860
0.6268 -0.1673 0.7987 0.2853
0.6287 -0.1664 0.8000 0.2846
0.6306 -0.1654 0.8012 0.2838
0.6325 -0.1644 0.8025 0.2831
0.6344 -0.1634 0.8038 0.2823
0.6363 -0.1624 0.8050 0.2815
0.6383 -0.1614 0.8062 0.2807
0.6402 -0.1604 0.8074 0.2799
0.6421 -0.1594 0.8086 0.2791
0.6440 -0.1584 0.8098 0.2782
0.6459 -0.1574 0.8110 0.2774
0.6478 -0.1564 0.8122 0.2765
0.6497 -0.1553 0.8133 0.2756
0.6515 -0.1543 0.8145 0.2747
0.6534 -0.1533 0.8156 0.2738
0.6553 -0.1522 0.8168 0.2729
0.6572 -0.1512 0.8179 0.2719
0.6591 -0.1501 0.8190 0.2710
0.6610 -0.1491 0.8201 0.2700
0.6628 -0.1480 0.8212 0.2690
0.6647 -0.1470 0.8223 0.2680
0.6666 -0.1459 0.8234 0.2670
0.6685 -0.1448 0.8245 0.2660
0.6703 -0.1438 0.8255 0.2649
0.6722 -0.1427 0.8266 0.2639
0.6741 -0.1416 0.8277 0.2628
0.6759 -0.1405 0.8287 0.2617
0.6778 -0.1395 0.8297 0.2606
0.6796 -0.1384 0.8307 0.2595
0.6815 -0.1373 0.8318 0.2584
0.6834 -0.1362 0.8328 0.2572
0.6852 -0.1351 0.8338 0.2561
0.6871 -0.1340 0.8348 0.2549
0.6889 -0.1329 0.8357 0.2537
0.6908 -0.1318 0.8367 0.2525
0.6926 -0.1307 0.8377 0.2513
0.6945 -0.1296 0.8387 0.2501
0.6963 -0.1285 0.8396 0.2489
0.6982 -0.1274 0.8406 0.2477
0.7000 -0.1262 0.8415 0.2464
0.7018 -0.1251 0.8424 0.2451
0.7037 -0.1240 0.8434 0.2439
0.7055 -0.1229 0.8443 0.2426
0.7074 -0.1218 0.8452 0.2413
0.7092 -0.1206 0.8461 0.2400
0.7110 -0.1195 0.8470 0.2386
0.7129 -0.1184 0.8479 0.2373
0.7147 -0.1173 0.8488 0.2359
0.7165 -0.1161 0.8497 0.2346
0.7184 -0.1150 0.8506 0.2332
0.7202 -0.1139 0.8515 0.2318
0.7220 -0.1127 0.8523 0.2304
0.7239 -0.1116 0.8532 0.2290
0.7257 -0.1105 0.8541 0.2276
0.7275 -0.1093 0.8549 0.2262
0.7294 -0.1082 0.8558 0.2248
0.7312 -0.1071 0.8566 0.2233
0.7330 -0.1059 0.8575 0.2218
0.7349 -0.1048 0.8583 0.2204
0.7367 -0.1037 0.8591 0.2189
0.7385 -0.1025 0.8600 0.2174
0.7403 -0.1014 0.8608 0.2159
0.7422 -0.1003 0.8616 0.2144
0.7440 -0.0991 0.8624 0.2129
0.7458 -0.0980 0.8633 0.2113
0.7477 -0.0968 0.8641 0.2098
0.7495 -0.0957 0.8649 0.2082
0.7513 -0.0946 0.8657 0.2067
0.7532 -0.0934 0.8665 0.2051
0.7550 -0.0923 0.8673 0.2035
0.7568 -0.0912 0.8681 0.2019
0.7587 -0.0900 0.8689 0.2003
0.7605 -0.0889 0.8697 0.1987
0.7623 -0.0878 0.8705 0.1971
0.7642 -0.0867 0.8712 0.1955
0.7660 -0.0855 0.8720 0.1938
0.7678 -0.0844 0.8728 0.1922
0.7697 -0.0833 0.8736 0.1905
0.7715 -0.0822 0.8743 0.1888
0.7733 -0.0810 0.8751 0.1871
0.7752 -0.0799 0.8759 0.1854
0.7770 -0.0788 0.8767 0.1837
0.7789 -0.0777 0.8774 0.1820
0.7807 -0.0766 0.8782 0.1803
0.7826 -0.0755 0.8790 0.1785
0.7844 -0.0743 0.8797 0.1768
0.7863 -0.0732 0.8805 0.1750
0.7881 -0.0721 0.8812 0.1733
0.7900 -0.0710 0.8820 0.1715
0.7918 -0.0699 0.8827 0.1697
0.7937 -0.0688 0.8835 0.1679
0.7955 -0.0677 0.8842 0.1661
0.7974 -0.0666 0.8850 0.1643
0.7992 -0.0656 0.8857 0.1624
0.8011 -0.0645 0.8865 0.1606
0.8030 -0.0634 0.8872 0.1587
0.8048 -0.0623 0.8880 0.1568
0.8067 -0.0612 0.8887 0.1550
0.8086 -0.0602 0.8894 0.1531
0.8104 -0.0591 0.8902 0.1512
0.8123 -0.0580 0.8909 0.1493
0.8142 -0.0570 0.8917 0.1473
0.8160 -0.0559 0.8924 0.1454
0.8179 -0.0549 0.8931 0.1434
0.8198 -0.0538 0.8939 0.1415
0.8217 -0.0528 0.8946 0.1395
0.8236 -0.0517 0.8954 0.1375
0.8255 -0.0507 0.8961 0.1355
0.8273 -0.0496 0.8968 0.1335
0.8292 -0.0486 0.8976 0.1315
0.8311 -0.0476 0.8983 0.1295
0.8330 -0.0466 0.8990 0.1274
0.8349 -0.0455 0.8998 0.1254
0.8368 -0.0445 0.9005 0.1233
0.8387 -0.0435 0.9012 0.1212
0.8406 -0.0425 0.9019 0.1191
0.8425 -0.0415 0.9027 0.1170
0.8445 -0.0405 0.9034 0.1149
0.8464 -0.0395 0.9041 0.1128
0.8483 -0.0386 0.9049 0.1106
0.8502 -0.0376 0.9056 0.1085
0.8521 -0.0366 0.9063 0.1063
0.8541 -0.0356 0.9071 0.1041
0.8560 -0.0347 0.9078 0.1019
0.8579 -0.0337 0.9085 0.0997
0.8598 -0.0328 0.9092 0.0975
0.8618 -0.0318 0.9100 0.0953
0.8637 -0.0309 0.9107 0.0931
0.8657 -0.0300 0.9114 0.0908
0.8676 -0.0290 0.9122 0.0885
0.8695 -0.0281 0.9129 0.0863
0.8715 -0.0272 0.9136 0.0840
0.8734 -0.0263 0.9144 0.0817
0.8754 -0.0254 0.9151 0.0793
0.8774 -0.0245 0.9158 0.0770
0.8793 -0.0236 0.9166 0.0747
0.8813 -0.0227 0.9173 0.0723
0.8832 -0.0218 0.9180 0.0700
0.8852 -0.0209 0.9188 0.0676
0.8872 -0.0201 0.9195 0.0652
0.8892 -0.0192 0.9202 0.0628
0.8911 -0.0184 0.9210 0.0604
0.8931 -0.0175 0.9217 0.0580
0.8951 -0.0167 0.9225 0.0555
0.8971 -0.0158 0.9232 0.0531
0.8991 -0.0150 0.9240 0.0507
0.9011 -0.0142 0.9247 0.0482
0.9031 -0.0134 0.9255 0.0457
0.9051 -0.0126 0.9262 0.0432
0.9071 -0.0118 0.9270 0.0408
0.9091 -0.0110 0.9277 0.0383
0.9111 -0.0102 0.9285 0.0358
0.9131 -0.0094 0.9292 0.0332
0.9151 -0.0086 0.9300 0.0307
0.9171 -0.0079 0.9308 0.0282
0.9191 -0.0071 0.9315 0.0257
0.9211 -0.0064 0.9323 0.0231
0.9232 -0.0056 0.9331 0.0206
0.9252 -0.0049 0.9339 0.0180
0.9272 -0.0042 0.9347 0.0154
0.9293 -0.0035 0.9355 0.0129
0.9313 -0.0028 0.9362 0.0103
0.9333 -0.0021 0.9370 0.0077
0.9354 -0.0014 0.9378 0.0051
0.9374 -0.0007 0.9387 0.0025
0.9394 -0.0000 0.9394 -0.0000
