0 -0 0
0 0 0

7e-06 -0.002154 0
0.00200954 0.000231614 0.00229443

2.7e-05 -0.004308 0
0.00390123 0.000821321 0.00495291

6.1e-05 -0.006462 0
0.00635276 0.00176753 0.00794302

0.000108 -0.008615 0
0.0090639 0.00304721 0.0112544

0.000169 -0.010768 0
0.0120309 0.00464386 0.0148717

0.000244 -0.012921 0
0.0152444 0.00654154 0.0187795

0.000332 -0.015073 0
0.0186888 0.0087242 0.0229613

0.000433 -0.017225 0
0.0223493 0.011177 0.027404

0.000548 -0.019376 0
0.0262204 0.0138856 0.0320926

0.000676 -0.021526 0
0.0302911 0.0168356 0.037013

0.000818 -0.023675 0
0.0345483 0.0200123 0.0421513

0.000974 -0.025823 0
0.0389835 0.0234034 0.0474956

0.001143 -0.027971 0
0.0435882 0.0269927 0.0530308

0.001325 -0.030117 0
0.0483467 0.0307712 0.058747

0.001521 -0.032262 0
0.0532568 0.0347234 0.0646296

0.001731 -0.034406 0
0.0582996 0.0388385 0.0706686

0.001954 -0.036548 0
0.0634752 0.0431051 0.0768516

0.00219 -0.038689 0
0.0687689 0.0475105 0.0831678

0.00244 -0.040829 0
0.0741786 0.0520432 0.0896053

0.002703 -0.042966 0
0.0796894 0.0566953 0.0961556

0.00298 -0.045102 0
0.0852932 0.0614533 0.102807

0.00327 -0.047237 0
0.0909849 0.0663068 0.10955

0.003573 -0.049369 0
0.0967556 0.0712489 0.116375

0.00389 -0.0515 0
0.1026 0.0762672 0.123272

0.004221 -0.053628 0
0.108505 0.0813544 0.130234

0.004564 -0.055755 0
0.114465 0.0864996 0.13725

0.004921 -0.057879 0
0.120479 0.0916964 0.144313

0.005292 -0.060001 0
0.126539 0.0969349 0.151415

0.005675 -0.06212 0
0.132633 0.102208 0.158547

0.006072 -0.064237 0
0.13876 0.107507 0.165702

0.006482 -0.066352 0
0.144916 0.112825 0.172873

0.006906 -0.068464 0
0.151092 0.118155 0.180053

0.007343 -0.070573 0
0.157281 0.123489 0.187234

0.007793 -0.07268 0
0.163482 0.128819 0.19441

0.008256 -0.074783 0
0.16968 0.134143 0.201575

0.008733 -0.076884 0
0.175883 0.139451 0.208724

0.009222 -0.078981 0
0.182077 0.144739 0.215849

0.009725 -0.081076 0
0.188264 0.149999 0.222945

0.010241 -0.083167 0
0.194437 0.155227 0.230007

0.01077 -0.085255 0
0.200593 0.160418 0.23703

0.011312 -0.08734 0
0.206726 0.165566 0.244008

0.011868 -0.089421 0
0.212829 0.170667 0.250937

0.012436 -0.091498 0
0.218902 0.175716 0.257813

0.013018 -0.093573 0
0.224944 0.180708 0.264631

0.013612 -0.095643 0
0.230951 0.18564 0.271386

0.014219 -0.097709 0
0.236918 0.190507 0.278076

0.01484 -0.099772 0
0.242839 0.195305 0.284695

0.015473 -0.101831 0
0.248712 0.200031 0.291241

0.016119 -0.103886 0
0.25454 0.204681 0.29771

0.016779 -0.105936 0
0.26032 0.209253 0.304099

0.017451 -0.107983 0
0.266041 0.213742 0.310406

0.018136 -0.110025 0
0.271706 0.218147 0.316626

0.018833 -0.112063 0
0.277317 0.222464 0.322756

0.019544 -0.114096 0
0.282862 0.226691 0.328796

0.020267 -0.116125 0
0.288349 0.230825 0.334742

0.021003 -0.118149 0
0.293771 0.234863 0.340592

0.021752 -0.120169 0
0.299127 0.238806 0.346344

0.022513 -0.122184 0
0.304415 0.242648 0.351996

0.023287 -0.124194 0
0.309634 0.246391 0.357545

0.024074 -0.126199 0
0.314783 0.250031 0.362992

0.024873 -0.128199 0
0.31986 0.253566 0.368333

0.025685 -0.130195 0
0.324864 0.256997 0.373568

0.026509 -0.132185 0
0.329794 0.26032 0.378695

0.027346 -0.134169 0
0.33465 0.263537 0.383713

0.028195 -0.136149 0
0.339431 0.266645 0.388621

0.029057 -0.138123 0
0.344136 0.269643 0.393418

0.029931 -0.140092 0
0.348763 0.27253 0.398104

0.030817 -0.142055 0
0.353311 0.275307 0.402677

0.031716 -0.144012 0
0.357781 0.277972 0.407137

0.032627 -0.145964 0
0.362174 0.280526 0.411484

0.03355 -0.14791 0
0.366488 0.282967 0.415716

0.034486 -0.149851 0
0.370723 0.285295 0.419835

0.035433 -0.151785 0
0.374876 0.287511 0.423839

0.036393 -0.153713 0
0.378952 0.289614 0.427729

0.037365 -0.155636 0
0.382948 0.291605 0.431504

0.038349 -0.157552 0
0.386864 0.293484 0.435166

0.039345 -0.159462 0
0.390701 0.29525 0.438713

0.040353 -0.161365 0
0.394459 0.296905 0.442145

0.041372 -0.163262 0
0.398137 0.298448 0.445465

0.042404 -0.165153 0
0.401737 0.299881 0.448671

0.043448 -0.167038 0
0.405259 0.301202 0.451765

0.044503 -0.168915 0
0.408701 0.302415 0.454746

0.04557 -0.170786 0
0.412067 0.303518 0.457616

0.046649 -0.17265 0
0.415356 0.304514 0.460375

0.04774 -0.174508 0
0.418569 0.305402 0.463024

0.048842 -0.176359 0
0.421704 0.306184 0.465563

0.049956 -0.178202 0
0.424765 0.30686 0.467994

0.051082 -0.180039 0
0.427752 0.307431 0.470317

0.052219 -0.181868 0
0.430665 0.307899 0.472534

0.053367 -0.18369 0
0.433504 0.308265 0.474645

0.054527 -0.185505 0
0.436271 0.30853 0.476652

0.055698 -0.187313 0
0.438967 0.308695 0.478556

0.056881 -0.189113 0
0.441593 0.308762 0.480357

0.058075 -0.190906 0
0.444148 0.308731 0.482057

0.05928 -0.192692 0
0.446635 0.308604 0.483657

0.060496 -0.194469 0
0.449054 0.308384 0.485159

0.061723 -0.196239 0
0.451406 0.308069 0.486564

0.062962 -0.198002 0
0.453694 0.307663 0.487873

0.064212 -0.199756 0
0.455916 0.307167 0.489087

0.065472 -0.201503 0
0.458074 0.306582 0.490208

0.066744 -0.203241 0
0.46017 0.305911 0.491237

0.068026 -0.204972 0
0.462205 0.305154 0.492176

0.069319 -0.206694 0
0.464179 0.304313 0.493027

0.070624 -0.208409 0
0.466095 0.303389 0.49379

0.071938 -0.210115 0
0.467952 0.302385 0.494468

0.073264 -0.211813 0
0.469754 0.301302 0.495061

0.0746 -0.213502 0
0.471499 0.300144 0.495573

0.075947 -0.215183 0
0.473191 0.298908 0.496003

0.077304 -0.216856 0
0.474829 0.297599 0.496353

0.078672 -0.21852 0
0.476416 0.296217 0.496626

0.08005 -0.220175 0
0.477951 0.294767 0.496823

0.081439 -0.221822 0
0.479438 0.293247 0.496945

0.082838 -0.22346 0
0.480878 0.291661 0.496996

0.084247 -0.225089 0
0.482269 0.290009 0.496973

0.085666 -0.226709 0
0.483614 0.288295 0.496883

0.087096 -0.22832 0
0.484919 0.286519 0.496724

0.088535 -0.229922 0
0.486177 0.284684 0.496499

0.089985 -0.231515 0
0.487394 0.28279 0.496209

0.091445 -0.233099 0
0.488572 0.280841 0.495856

0.092914 -0.234674 0
0.489711 0.278837 0.495443

0.094394 -0.23624 0
0.490812 0.276782 0.49497

0.095883 -0.237796 0
0.491877 0.274675 0.494439

0.097382 -0.239343 0
0.492906 0.272519 0.493852

0.09889 -0.24088 0
0.493899 0.270318 0.49321

0.100409 -0.242408 0
0.494861 0.26807 0.492516

0.101937 -0.243926 0
0.495793 0.265779 0.49177

0.103474 -0.245435 0
0.496693 0.263446 0.490975

0.105021 -0.246934 0
0.497565 0.261072 0.490132

0.106577 -0.248423 0
0.498409 0.258662 0.489243

0.108143 -0.249903 0
0.499227 0.256214 0.488309

0.109717 -0.251372 0
0.500018 0.253732 0.487331

0.111301 -0.252832 0
0.500787 0.251216 0.486312

0.112895 -0.254282 0
0.501531 0.248669 0.485253

0.114497 -0.255721 0
0.502257 0.246093 0.484157

0.116108 -0.257151 0
0.50296 0.243488 0.483023

0.117728 -0.25857 0
0.503642 0.240857 0.481854

0.119357 -0.259979 0
0.504309 0.238201 0.480651

0.120995 -0.261378 0
0.504958 0.235522 0.479416

0.122642 -0.262767 0
0.505591 0.232821 0.47815

0.124297 -0.264145 0
0.506209 0.230101 0.476855

0.125961 -0.265513 0
0.506813 0.227363 0.475533

0.127634 -0.26687 0
0.507406 0.224607 0.474183

0.129315 -0.268217 0
0.507987 0.221836 0.472809

0.131004 -0.269553 0
0.508556 0.21905 0.471411

0.132702 -0.270878 0
0.509117 0.216254 0.469992

0.134408 -0.272193 0
0.509668 0.213446 0.46855

0.136122 -0.273497 0
0.510212 0.210629 0.467091

0.137845 -0.274791 0
0.510751 0.207802 0.465612

0.139576 -0.276073 0
0.511286 0.20497 0.464117

0.141314 -0.277345 0
0.511815 0.202132 0.462607

0.143061 -0.278605 0
0.512341 0.199291 0.46108

0.144815 -0.279855 0
0.51286 0.196447 0.459542

0.146577 -0.281093 0
0.513383 0.193602 0.457992

0.148347 -0.282321 0
0.513902 0.190756 0.456431

0.150125 -0.283537 0
0.514422 0.187912 0.454861

0.15191 -0.284742 0
0.514944 0.185071 0.453282

0.153703 -0.285936 0
0.515466 0.182233 0.451696

0.155504 -0.287119 0
0.51599 0.179399 0.450103

0.157311 -0.28829 0
0.516518 0.176573 0.448506

0.159126 -0.28945 0
0.517051 0.173752 0.446904

0.160949 -0.290598 0
0.517588 0.170941 0.445299

0.162778 -0.291735 0
0.518131 0.168138 0.443692

0.164615 -0.292861 0
0.51868 0.165345 0.442083

0.166458 -0.293975 0
0.519235 0.162565 0.440476

0.168309 -0.295077 0
0.519797 0.159796 0.438868

0.170166 -0.296167 0
0.520369 0.157041 0.437262

0.172031 -0.297246 0
0.520949 0.154301 0.435658

0.173902 -0.298314 0
0.52154 0.151574 0.434058

0.175779 -0.299369 0
0.522137 0.148865 0.432462

0.177664 -0.300413 0
0.52275 0.146172 0.430871

0.179554 -0.301444 0
0.523368 0.143497 0.429285

0.181452 -0.302464 0
0.524003 0.140841 0.427706

0.183355 -0.303472 0
0.524645 0.138203 0.426134

0.185265 -0.304468 0
0.525304 0.135587 0.424571

0.187181 -0.305452 0
0.525975 0.13299 0.423015

0.189103 -0.306424 0
0.526658 0.130415 0.421469

0.191032 -0.307384 0
0.527356 0.127863 0.419932

0.192966 -0.308331 0
0.528068 0.125334 0.418406

0.194906 -0.309267 0
0.528794 0.122828 0.416891

0.196852 -0.31019 0
0.529536 0.120347 0.415388

0.198804 -0.311101 0
0.530296 0.11789 0.413896

0.200762 -0.312 0
0.531069 0.115458 0.412417

0.202725 -0.312886 0
0.531856 0.113053 0.410951

0.204694 -0.31376 0
0.53266 0.110673 0.409499

0.206668 -0.314622 0
0.533483 0.108319 0.40806

0.208647 -0.315471 0
0.534321 0.105994 0.406635

0.210632 -0.316308 0
0.535178 0.103697 0.405226

0.212622 -0.317132 0
0.536049 0.101427 0.403831

0.214617 -0.317944 0
0.536941 0.0991852 0.402452

0.216618 -0.318743 0
0.537853 0.0969734 0.401089

0.218623 -0.31953 0
0.538781 0.0947893 0.399741

0.220633 -0.320304 0
0.53972 0.0926359 0.39841

0.222648 -0.321065 0
0.540681 0.0905122 0.397095

0.224667 -0.321814 0
0.541661 0.0884175 0.395797

0.226692 -0.32255 0
0.542661 0.086354 0.394516

0.228721 -0.323273 0
0.543678 0.0843212 0.393252

0.230754 -0.323983 0
0.544711 0.0823194 0.392006

0.232792 -0.324681 0
0.545767 0.080348 0.390777

0.234834 -0.325366 0
0.546837 0.0784068 0.389566

0.236881 -0.326038 0
0.547926 0.076498 0.388372

0.238931 -0.326697 0
0.549035 0.0746205 0.387197

0.240986 -0.327344 0
0.550164 0.0727732 0.386038

0.243045 -0.327977 0
0.551311 0.0709583 0.384898

0.245107 -0.328597 0
0.552476 0.0691755 0.383776

0.247174 -0.329205 0
0.553659 0.0674236 0.382672

0.249244 -0.329799 0
0.55486 0.0657041 0.381587

0.251318 -0.330381 0
0.556079 0.0640151 0.380518

0.253396 -0.330949 0
0.557315 0.0623588 0.379468

0.255477 -0.331504 0
0.558565 0.0607338 0.378436

0.257562 -0.332047 0
0.559841 0.0591397 0.377422

0.25965 -0.332576 0
0.561129 0.0575775 0.376425

0.261741 -0.333092 0
0.562438 0.0560471 0.375447

0.263835 -0.333595 0
0.563761 0.0545475 0.374485

0.265933 -0.334084 0
0.565103 0.05308 0.373541

0.268034 -0.334561 0
0.566462 0.0516428 0.372614

0.270137 -0.335024 0
0.567835 0.0502368 0.371705

0.272244 -0.335474 0
0.569228 0.0488622 0.370813

0.274353 -0.335911 0
0.570639 0.0475181 0.369937

0.276465 -0.336334 0
0.572064 0.0462047 0.369078

0.278579 -0.336745 0
0.573502 0.04492 0.368236

0.280696 -0.337142 0
0.574958 0.0436664 0.367409

0.282816 -0.337525 0
0.576428 0.0424433 0.366599

0.284938 -0.337896 0
0.577908 0.041248 0.365803

0.287062 -0.338253 0
0.579408 0.0400834 0.365024

0.289188 -0.338596 0
0.580925 0.0389485 0.36426

0.291317 -0.338926 0
0.582454 0.0378422 0.363511

0.293447 -0.339243 0
0.583993 0.0367634 0.362776

0.29558 -0.339547 0
0.585549 0.0357138 0.362057

0.297714 -0.339837 0
0.587118 0.0346918 0.361351

0.29985 -0.340114 0
0.588697 0.0336971 0.360658

0.301988 -0.340377 0
0.590293 0.0327308 0.35998

0.304128 -0.340627 0
0.591899 0.0317906 0.359314

0.306269 -0.340863 0
0.59352 0.030878 0.358661

0.308411 -0.341086 0
0.595149 0.0299911 0.35802

0.310555 -0.341295 0
0.596792 0.0291312 0.357392

0.3127 -0.341491 0
0.598447 0.0282962 0.356776

0.314846 -0.341674 0
0.600108 0.0274858 0.356171

0.316993 -0.341843 0
0.601776 0.0267012 0.355576

0.319142 -0.341998 0
0.603458 0.0259417 0.354993

0.321291 -0.34214 0
0.605147 0.025205 0.35442

0.323441 -0.342269 0
0.606844 0.0244927 0.353856

0.325592 -0.342384 0
0.608552 0.0238039 0.353303

0.327744 -0.342485 0
0.610269 0.0231384 0.352758

0.329896 -0.342573 0
0.611993 0.0224956 0.352223

0.332049 -0.342648 0
0.613721 0.0218738 0.351696

0.334202 -0.342709 0
0.615461 0.0212749 0.351176

0.336355 -0.342756 0
0.617206 0.0206973 0.350665

0.338509 -0.34279 0
0.618954 0.0201406 0.35016

0.340663 -0.34281 0
0.620704 0.0196049 0.349663

0.342817 -0.342817 0
0.622467 0.0190884 0.349171

0.344971 -0.34281 0
0.624233 0.0185927 0.348686

0.347125 -0.34279 0
0.626002 0.0181152 0.348206

0.349278 -0.342756 0
0.627772 0.0176569 0.347732

0.351432 -0.342709 0
0.629554 0.0172173 0.347261

0.353585 -0.342648 0
0.631337 0.0167956 0.346796

0.355738 -0.342573 0
0.633117 0.0163925 0.346335

0.35789 -0.342485 0
0.634901 0.0160053 0.345877

0.360041 -0.342384 0
0.636687 0.0156351 0.345422

0.362192 -0.342269 0
0.638477 0.0152815 0.344969

0.364342 -0.34214 0
0.640268 0.0149438 0.344519

0.366492 -0.341998 0
0.642061 0.0146222 0.344072

0.36864 -0.341843 0
0.643851 0.0143144 0.343625

0.370787 -0.341674 0
0.645642 0.0140216 0.34318

0.372934 -0.341491 0
0.647434 0.013744 0.342735

0.375079 -0.341295 0
0.649219 0.0134795 0.342292

0.377222 -0.341086 0
0.651 0.0132275 0.341847

0.379365 -0.340863 0
0.652791 0.0129897 0.341402

0.381506 -0.340627 0
0.654577 0.0127638 0.340956

0.383645 -0.340377 0
0.65636 0.0125508 0.34051

0.385783 -0.340114 0
0.658139 0.0123487 0.340061

0.387919 -0.339837 0
0.659915 0.0121589 0.33961

0.390054 -0.339547 0
0.661684 0.0119797 0.339158

0.392186 -0.339243 0
0.663447 0.0118106 0.338702

0.394317 -0.338926 0
0.665212 0.0116526 0.338243

0.396445 -0.338596 0
0.666973 0.0115036 0.337781

0.398572 -0.338253 0
0.668731 0.0113638 0.337315

0.400696 -0.337896 0
0.670478 0.0112333 0.336845

0.402818 -0.337525 0
0.672219 0.0111129 0.336371

0.404937 -0.337142 0
0.673952 0.0109991 0.335891

0.407054 -0.336745 0
0.675678 0.0108938 0.335407

0.409169 -0.336334 0
0.677399 0.0107971 0.334917

0.411281 -0.335911 0
0.67912 0.0107063 0.334421

0.41339 -0.335474 0
0.680826 0.0106226 0.333919

0.415496 -0.335024 0
0.682523 0.0105452 0.33341

0.4176 -0.334561 0
0.684209 0.0104745 0.332895

0.419701 -0.334084 0
0.685896 0.0104101 0.332372

0.421798 -0.333595 0
0.687571 0.0103506 0.331843

0.423893 -0.333092 0
0.689239 0.0102971 0.331307

0.425984 -0.332576 0
0.690893 0.010248 0.330761

0.428072 -0.332047 0
0.69254 0.010204 0.330208

0.430156 -0.331504 0
0.694174 0.0101647 0.329646

0.432238 -0.330949 0
0.695793 0.0101285 0.329076

0.434315 -0.330381 0
0.697405 0.0100961 0.328497

0.436389 -0.329799 0
0.699008 0.0100682 0.327909

0.43846 -0.329205 0
0.700602 0.0100424 0.32731

0.440526 -0.328597 0
0.702181 0.0100204 0.326703

0.442589 -0.327977 0
0.703754 0.0100004 0.326085

0.444648 -0.327344 0
0.70531 0.00998337 0.325458

0.446702 -0.326697 0
0.706848 0.00996932 0.32482

0.448753 -0.326038 0
0.708371 0.00995598 0.324172

0.450799 -0.325366 0
0.709892 0.00994458 0.323513

0.452842 -0.324681 0
0.711405 0.00993595 0.322843

0.454879 -0.323983 0
0.712896 0.00992775 0.322162

0.456913 -0.323273 0
0.714374 0.0099201 0.321469

0.458942 -0.32255 0
0.715838 0.0099136 0.320765

0.460966 -0.321814 0
0.717292 0.00990823 0.32005

0.462986 -0.321065 0
0.718734 0.00990432 0.319324

0.465001 -0.320304 0
0.720158 0.00989956 0.318585

0.467011 -0.31953 0
0.721564 0.00989489 0.317834

0.469016 -0.318743 0
0.722959 0.00989159 0.317071

0.471016 -0.317944 0
0.724344 0.00988676 0.316295

0.473011 -0.317132 0
0.725711 0.00988263 0.315507

0.475001 -0.316308 0
0.727055 0.0098777 0.314708

0.476986 -0.315471 0
0.728384 0.00987173 0.313895

0.478966 -0.314622 0
0.729701 0.00986524 0.31307

0.48094 -0.31376 0
0.731002 0.00985893 0.312232

0.482909 -0.312886 0
0.73229 0.00985118 0.311381

0.484872 -0.312 0
0.733557 0.00984148 0.310517

0.486829 -0.311101 0
0.734816 0.00983164 0.30964

0.488781 -0.31019 0
0.736065 0.00982077 0.30875

0.490727 -0.309267 0
0.737286 0.00980736 0.307847

0.492667 -0.308331 0
0.738485 0.00979385 0.306931

0.494602 -0.307384 0
0.739676 0.0097775 0.306002

0.49653 -0.306424 0
0.740856 0.00976089 0.30506

0.498452 -0.305452 0
0.742015 0.00974206 0.304103

0.500368 -0.304468 0
0.743154 0.0097223 0.303135

0.502278 -0.303472 0
0.744276 0.00969956 0.302152

0.504182 -0.302464 0
0.745379 0.00967601 0.301157

0.506079 -0.301444 0
0.746472 0.00965046 0.300148

0.50797 -0.300413 0
0.747542 0.00962248 0.299126

0.509854 -0.299369 0
0.748591 0.00959288 0.298091

0.511732 -0.298314 0
0.749633 0.00956059 0.297042

0.513603 -0.297246 0
0.750658 0.00952836 0.29598

0.515467 -0.296167 0
0.751658 0.00949287 0.294905

0.517325 -0.295077 0
0.752641 0.00945521 0.293817

0.519175 -0.293975 0
0.753607 0.00941546 0.292715

0.521019 -0.292861 0
0.754562 0.00937387 0.2916

0.522855 -0.291735 0
0.755492 0.00933134 0.290473

0.524685 -0.290598 0
0.75641 0.00928618 0.289333

0.526507 -0.28945 0
0.757306 0.00923856 0.288179

0.528322 -0.28829 0
0.758184 0.0091897 0.287013

0.53013 -0.287119 0
0.759049 0.009138 0.285833

0.53193 -0.285936 0
0.759895 0.00908609 0.284641

0.533723 -0.284742 0
0.760728 0.00903121 0.283436

0.535508 -0.283537 0
0.761539 0.00897453 0.282219

0.537286 -0.282321 0
0.762324 0.00891578 0.280989

0.539056 -0.281093 0
0.763097 0.00885606 0.279747

0.540818 -0.279855 0
0.763857 0.0087936 0.278492

0.542573 -0.278605 0
0.764602 0.00873053 0.277225

0.544319 -0.277345 0
0.765328 0.00866519 0.275947

0.546058 -0.276073 0
0.766034 0.00859853 0.274655

0.547789 -0.274791 0
0.766716 0.00853024 0.273352

0.549511 -0.273497 0
0.767381 0.00846135 0.272037

0.551226 -0.272193 0
0.768037 0.00838971 0.27071

0.552932 -0.270878 0
0.768674 0.0083178 0.269372

0.554629 -0.269553 0
0.769289 0.00824326 0.268022

0.556319 -0.268217 0
0.769882 0.00816876 0.266661

0.558 -0.26687 0
0.770461 0.00809261 0.265288

0.559672 -0.265513 0
0.771031 0.00801574 0.263904

0.561336 -0.264145 0
0.771582 0.00793739 0.262509

0.562992 -0.262767 0
0.772111 0.00785825 0.261103

0.564638 -0.261378 0
0.772616 0.00777828 0.259686

0.566276 -0.259979 0
0.773111 0.00769797 0.258259

0.567905 -0.25857 0
0.773591 0.00761662 0.25682

0.569526 -0.257151 0
0.774053 0.00753422 0.255372

0.571137 -0.255721 0
0.774493 0.00745194 0.253913

0.572739 -0.254282 0
0.77492 0.0073682 0.252443

0.574332 -0.252832 0
0.775327 0.00728498 0.250965

0.575916 -0.251372 0
0.77572 0.00720171 0.249475

0.577491 -0.249903 0
0.776097 0.0071173 0.247977

0.579057 -0.248423 0
0.776454 0.00703353 0.246468

0.580613 -0.246934 0
0.776794 0.00694818 0.244949

0.58216 -0.245435 0
0.777113 0.00686423 0.243422

0.583697 -0.243926 0
0.777417 0.00677972 0.241884

0.585225 -0.242408 0
0.777708 0.00669518 0.240338

0.586743 -0.24088 0
0.777982 0.00661096 0.238783

0.588252 -0.239343 0
0.778237 0.00652637 0.237218

0.589751 -0.237796 0
0.77848 0.00644286 0.235645

0.59124 -0.23624 0
0.778699 0.00635967 0.234064

0.592719 -0.234674 0
0.778904 0.00627658 0.232472

0.594189 -0.233099 0
0.779094 0.00619446 0.230873

0.595649 -0.231515 0
0.779273 0.00611266 0.229266

0.597098 -0.229922 0
0.779428 0.00603148 0.227651

0.598538 -0.22832 0
0.779566 0.00595048 0.226027

0.599967 -0.226709 0
0.779681 0.00587055 0.224396

0.601387 -0.225089 0
0.77979 0.0057909 0.222756

0.602796 -0.22346 0
0.77988 0.00571315 0.221109

0.604195 -0.221822 0
0.779956 0.00563568 0.219454

0.605583 -0.220175 0
0.780014 0.00555932 0.217791

0.606962 -0.21852 0
0.780055 0.00548344 0.216122

0.608329 -0.216856 0
0.780077 0.00540936 0.214444

0.609687 -0.215183 0
0.780086 0.00533651 0.21276

0.611033 -0.213502 0
0.780074 0.00526439 0.211069

0.61237 -0.211813 0
0.78005 0.00519238 0.20937

0.613695 -0.210115 0
0.780013 0.00512266 0.207664

0.61501 -0.208409 0
0.779956 0.00505368 0.205952

0.616314 -0.206694 0
0.77988 0.0049871 0.204233

0.617607 -0.204972 0
0.779793 0.00492068 0.202507

0.61889 -0.203241 0
0.779687 0.00485637 0.200775

0.620161 -0.201503 0
0.779565 0.00479189 0.199036

0.621422 -0.199756 0
0.779432 0.00472986 0.197291

0.622672 -0.198002 0
0.77928 0.00466846 0.195539

0.62391 -0.196239 0
0.779106 0.00460885 0.193781

0.625138 -0.194469 0
0.778921 0.00455063 0.192017

0.626354 -0.192692 0
0.778722 0.004493 0.190247

0.627559 -0.190906 0
0.778503 0.00443757 0.18847

0.628753 -0.189113 0
0.77827 0.00438371 0.186688

0.629935 -0.187313 0
0.778022 0.00433012 0.1849

0.631107 -0.185505 0
0.77776 0.00427846 0.183105

0.632267 -0.18369 0
0.77748 0.0042278 0.181305

0.633415 -0.181868 0
0.777182 0.00417836 0.1795

0.634552 -0.180039 0
0.776868 0.00413008 0.177688

0.635677 -0.178202 0
0.776536 0.00408392 0.175872

0.636791 -0.176359 0
0.776184 0.00403797 0.174049

0.637894 -0.174508 0
0.775819 0.00399392 0.172221

0.638984 -0.17265 0
0.775444 0.00395107 0.170387

0.640063 -0.170786 0
0.775057 0.00390849 0.168548

0.64113 -0.168915 0
0.774648 0.00386767 0.166703

0.642186 -0.167038 0
0.774222 0.00382723 0.164853

0.643229 -0.165153 0
0.773775 0.00378882 0.162997

0.644261 -0.163262 0
0.773311 0.00375088 0.161137

0.645281 -0.161365 0
0.772833 0.00371356 0.15927

0.646289 -0.159462 0
0.772342 0.00367683 0.157399

0.647285 -0.157552 0
0.771839 0.00364149 0.155522

0.648269 -0.155636 0
0.77132 0.00360682 0.15364

0.649241 -0.153713 0
0.770785 0.00357325 0.151752

0.6502 -0.151785 0
0.770225 0.00353969 0.149859

0.651148 -0.149851 0
0.769648 0.00350687 0.147962

0.652083 -0.14791 0
0.769056 0.00347544 0.146059

0.653007 -0.145964 0
0.768454 0.00344372 0.144151

0.653918 -0.144012 0
0.767832 0.0034121 0.142237

0.654816 -0.142055 0
0.767195 0.003381 0.140319

0.655703 -0.140092 0
0.766543 0.00335045 0.138395

0.656577 -0.138123 0
0.765872 0.00332041 0.136466

0.657438 -0.136149 0
0.765184 0.00328976 0.134532

0.658288 -0.134169 0
0.764478 0.00325953 0.132593

0.659124 -0.132185 0
0.763755 0.0032284 0.130649

0.659949 -0.130195 0
0.76302 0.00319837 0.1287

0.660761 -0.128199 0
0.762269 0.0031684 0.126745

0.66156 -0.126199 0
0.761498 0.00313802 0.124786

0.662346 -0.124194 0
0.760713 0.00310707 0.122822

0.66312 -0.122184 0
0.759912 0.00307553 0.120852

0.663882 -0.120169 0
0.759092 0.00304435 0.118878

0.664631 -0.118149 0
0.758254 0.00301206 0.116898

0.665367 -0.116125 0
0.757403 0.0029798 0.114914

0.66609 -0.114096 0
0.756528 0.00294613 0.112924

0.6668 -0.112063 0
0.755643 0.00291229 0.11093

0.667498 -0.110025 0
0.754742 0.00287781 0.10893

0.668183 -0.107983 0
0.753822 0.00284243 0.106926

0.668855 -0.105936 0
0.752883 0.0028063 0.104916

0.669514 -0.103886 0
0.751928 0.00276846 0.102902

0.67016 -0.101831 0
0.750955 0.00273137 0.100883

0.670794 -0.099772 0
0.74997 0.00269229 0.098859

0.671414 -0.097709 0
0.748965 0.0026527 0.0968303

0.672022 -0.095643 0
0.747942 0.00261075 0.0947966

0.672616 -0.093573 0
0.7469 0.00256868 0.0927592

0.673197 -0.091498 0
0.74584 0.00252567 0.0907157

0.673766 -0.089421 0
0.744774 0.00248078 0.0886683

0.674321 -0.08734 0
0.743688 0.00243506 0.0866164

0.674863 -0.085255 0
0.742585 0.00238869 0.0845599

0.675392 -0.083167 0
0.741465 0.00234046 0.0824987

0.675908 -0.081076 0
0.740327 0.00229111 0.0804337

0.676411 -0.078981 0
0.739169 0.00224087 0.0783641

0.676901 -0.076884 0
0.737998 0.00218789 0.0762898

0.677377 -0.074783 0
0.736809 0.00213482 0.0742116

0.677841 -0.07268 0
0.735605 0.00207965 0.0721293

0.678291 -0.070573 0
0.734384 0.00202513 0.0700439

0.678728 -0.068464 0
0.733149 0.00196789 0.0679537

0.679151 -0.066352 0
0.731897 0.00190964 0.0658598

0.679561 -0.064237 0
0.730625 0.00185021 0.0637619

0.679958 -0.06212 0
0.729338 0.00178954 0.0616611

0.680342 -0.060001 0
0.728038 0.00172779 0.059557

0.680712 -0.057879 0
0.726719 0.00166523 0.0574492

0.681069 -0.055755 0
0.725386 0.00160145 0.0553384

0.681413 -0.053628 0
0.724036 0.00153766 0.0532248

0.681743 -0.0515 0
0.72267 0.00147191 0.0511083

0.68206 -0.049369 0
0.721287 0.00140628 0.048989

0.682364 -0.047237 0
0.719891 0.0013389 0.046867

0.682654 -0.045102 0
0.718481 0.00127262 0.0447432

0.68293 -0.042966 0
0.717056 0.00120476 0.0426168

0.683194 -0.040829 0
0.715615 0.00113544 0.040488

0.683443 -0.038689 0
0.714157 0.0010681 0.0383585

0.68368 -0.036548 0
0.712683 0.000999586 0.0362269

0.683903 -0.034406 0
0.711198 0.000930784 0.0340938

0.684112 -0.032262 0
0.709699 0.000862805 0.0319597

0.684308 -0.030117 0
0.708184 0.000795463 0.0298253

0.684491 -0.027971 0
0.706655 0.000727556 0.0276893

0.68466 -0.025823 0
0.705113 0.000662376 0.025554

0.684815 -0.023675 0
0.703558 0.000596054 0.0234176

0.684957 -0.021526 0
0.701988 0.000531778 0.0212822

0.685086 -0.019376 0
0.700404 0.00046836 0.0191469

0.685201 -0.017225 0
0.698807 0.000406788 0.0170122

0.685302 -0.015073 0
0.697197 0.000347294 0.0148786

0.68539 -0.012921 0
0.695573 0.000289721 0.012747

0.685464 -0.010768 0
0.693933 0.000233912 0.0106163

0.685525 -0.008615 0
0.692279 0.000180513 0.00848798

0.685573 -0.006462 0
0.690607 0.00012972 0.00636251

0.685607 -0.004308 0
0.688906 8.18477e-05 0.00423964

0.685627 -0.002154 0
0.687142 3.61085e-05 0.00212113

0.685634 -0 0
0.685634 -6.95441e-17 6.95354e-17

