0.010662 -0.025721 0.000648
0.011101 -0.015076 0.006241
0.011947 -0.019740 0.021747
0.012676 -0.021782 0.037392
0.013384 -0.021160 0.053025
0.014575 -0.020310 0.069686
0.004575 0.005459 0.003212
0.009750 -0.011834 0.007025
0.007159 -0.009443 0.022271
0.007928 -0.011506 0.037880
0.009150 -0.011939 0.053621
0.011224 -0.011848 0.069765
0.015735 -0.003439 0.084845
0.002899 0.012423 0.002668
0.005056 0.012073 0.006340
0.007183 0.013556 0.021787
0.005235 0.011959 0.038377
0.003222 0.014995 0.053640
0.006192 0.012535 0.069919
0.014288 0.013654 0.085041
0.003151 0.035537 0.004007
0.005135 0.035387 0.006916
0.007208 0.035293 0.022489
0.005328 0.037435 0.037727
0.003930 0.035638 0.053971
0.006449 0.036408 0.069501
0.011993 0.036823 0.085034
0.016322 0.038812 0.100453
0.005790 0.058998 0.006022
0.010183 0.063336 0.021634
0.008844 0.059980 0.038228
0.007827 0.058986 0.053912
0.010791 0.062093 0.069106
0.014133 0.061173 0.084840
0.010921 0.087313 0.003526
0.011542 0.082724 0.013254
0.012291 0.083245 0.029825
0.011184 0.084314 0.037555
0.010972 0.085348 0.053560
0.014999 0.083698 0.069734
0.038656 -0.085287 0.017874
0.039105 -0.086454 0.020041
0.039918 -0.086844 0.036365
0.040680 -0.088526 0.051627
0.041788 -0.083439 0.067403
0.038755 -0.082340 0.013834
0.036761 -0.082598 0.020081
0.037698 -0.082943 0.036326
0.038131 -0.082250 0.052240
0.041284 -0.082212 0.067717
0.042271 -0.074846 0.083290
0.042953 -0.066059 0.099054
0.027103 -0.056962 0.002533
0.028461 -0.057607 0.005190
0.028038 -0.058955 0.021920
0.027532 -0.057553 0.036681
0.030012 -0.056964 0.052140
0.030451 -0.056378 0.067997
0.031516 -0.057790 0.084236
0.036720 -0.059581 0.099226
0.043807 -0.056114 0.114804
0.044909 -0.040765 0.130303
0.020974 -0.034833 -0.000117
0.021613 -0.034857 0.005127
0.022722 -0.032921 0.021818
0.020106 -0.034352 0.037195
0.020908 -0.034993 0.053566
0.025094 -0.035609 0.068204
0.025275 -0.034411 0.085317
0.027243 -0.034238 0.099668
0.033490 -0.035323 0.115088
0.043185 -0.035892 0.131179
0.046588 -0.030175 0.146790
0.015932 -0.012144 0.079204
0.017538 -0.011522 0.084357
0.024431 -0.011812 0.099930
0.030147 -0.011216 0.115430
0.036387 -0.012085 0.130775
0.041298 -0.011384 0.146350
0.046454 -0.010960 0.161667
0.048624 0.004062 0.178103
0.016113 0.012799 0.087892
0.021316 0.013601 0.100288
0.025582 0.011951 0.116530
0.032023 0.011714 0.131040
0.037594 0.013542 0.146884
0.042629 0.011919 0.162090
0.046979 0.011865 0.178015
0.048888 0.030448 0.193172
0.016819 0.058496 0.099873
0.016938 0.036197 0.101470
0.021274 0.036157 0.116171
0.024478 0.035463 0.131642
0.035449 0.036383 0.146767
0.041478 0.036307 0.162681
0.044874 0.035659 0.178184
0.048654 0.035643 0.193351
0.012025 0.077619 0.018944
0.012244 0.077704 0.022543
0.015218 0.082155 0.071731
0.015926 0.070331 0.084769
0.018477 0.062543 0.100920
0.026301 0.068798 0.115537
0.030218 0.060930 0.131138
0.038406 0.063571 0.146939
0.047273 0.067164 0.162138
0.048420 0.062388 0.177492
0.011513 0.087391 0.004608
0.011837 0.087284 0.006033
0.012189 0.082862 0.022094
0.013826 0.100727 0.037189
0.015545 0.099322 0.053057
0.016653 0.088795 0.069497
0.019796 0.083377 0.084527
0.026720 0.087113 0.099654
0.029403 0.083466 0.115361
0.036334 0.086706 0.130949
0.036975 0.128975 0.001691
0.037243 0.127489 0.004254
0.030942 0.124945 0.022054
0.025674 0.123446 0.037094
0.017925 0.106900 0.053066
0.027635 0.117462 0.068497
0.027774 0.107125 0.083886
0.036575 0.116425 0.099272
0.039445 0.112542 0.114959
0.042674 0.106983 0.130377
0.035729 0.130692 0.003876
0.034850 0.131438 0.004383
0.036539 0.135827 0.020199
0.039971 0.146025 0.035785
0.038376 0.147522 0.051902
0.041647 0.148848 0.067477
0.039436 0.136820 0.083064
0.042770 0.133464 0.098935
0.036995 0.153981 0.000660
0.067897 -0.137115 0.046984
0.066042 -0.135758 0.050114
0.068256 -0.137626 0.065563
0.069580 -0.141329 0.081312
0.070227 -0.133806 0.097672
0.065639 -0.112245 0.017652
0.064556 -0.111630 0.018511
0.056420 -0.113459 0.035028
0.059865 -0.130464 0.051909
0.062831 -0.129915 0.066702
0.064801 -0.128700 0.082097
0.068605 -0.129646 0.098528
0.071179 -0.123510 0.113393
0.072307 -0.107990 0.129088
0.048690 -0.098684 0.013248
0.049079 -0.104099 0.020300
0.048452 -0.106585 0.035976
0.046224 -0.106105 0.051416
0.049716 -0.106057 0.067799
0.054760 -0.106222 0.082391
0.059507 -0.105922 0.098683
0.064676 -0.106649 0.113147
0.071276 -0.106036 0.128982
0.073244 -0.096831 0.144324
0.042197 -0.083253 0.068659
0.045438 -0.083283 0.083003
0.050213 -0.082553 0.099451
0.055213 -0.081673 0.113705
0.060558 -0.082790 0.129563
0.068057 -0.082923 0.144555
0.074547 -0.082411 0.160486
0.075280 -0.067671 0.176428
0.044934 -0.059193 0.113781
0.045589 -0.059255 0.114644
0.050751 -0.057872 0.129851
0.056214 -0.057342 0.145796
0.062972 -0.058550 0.161299
0.069267 -0.057960 0.176744
0.076242 -0.055955 0.192480
0.077447 -0.047260 0.207943
0.078286 -0.036317 0.223887
0.046413 -0.035847 0.139804
0.048796 -0.035396 0.146431
0.052880 -0.035223 0.161368
0.058615 -0.035104 0.177719
0.064089 -0.033523 0.192734
0.070992 -0.035739 0.208085
0.077002 -0.034253 0.223089
0.079384 -0.021821 0.239271
0.048596 -0.012137 0.167179
0.052180 -0.011816 0.177715
0.058875 -0.012040 0.192930
0.064289 -0.011440 0.208673
0.069703 -0.010097 0.223670
0.077003 -0.011616 0.238948
0.049040 0.011778 0.183357
0.052810 0.013280 0.193532
0.060530 0.012005 0.209138
0.067595 0.014199 0.224189
0.076077 0.011851 0.239287
0.049079 0.058710 0.185154
0.049873 0.037501 0.196208
0.055080 0.035441 0.208610
0.061051 0.037226 0.224221
0.071083 0.037055 0.239663
0.046748 0.082481 0.145979
0.049166 0.071934 0.161737
0.052688 0.071347 0.177716
0.054485 0.064509 0.193891
0.063539 0.073059 0.208643
0.067949 0.066449 0.224154
0.074978 0.062158 0.239152
0.046776 0.089586 0.142742
0.049461 0.089923 0.145689
0.055687 0.088720 0.161690
0.058621 0.087875 0.177315
0.064233 0.089840 0.192274
0.069361 0.086348 0.208329
0.074769 0.084851 0.223511
0.044823 0.129907 0.109120
0.045698 0.126661 0.114623
0.048256 0.120141 0.129997
0.055652 0.112837 0.145520
0.062535 0.110524 0.160834
0.066484 0.110849 0.176566
0.070010 0.108349 0.192185
0.077005 0.111662 0.207559
0.038805 0.152711 0.001243
0.040229 0.133480 0.006447
0.039544 0.144378 0.020054
0.040635 0.146921 0.035540
0.042977 0.152568 0.051349
0.044210 0.153745 0.067443
0.047949 0.153529 0.083222
0.045430 0.141478 0.098658
0.048722 0.134527 0.114540
0.053489 0.132059 0.129624
0.061355 0.134757 0.145113
0.066830 0.132378 0.160600
0.070883 0.130739 0.176202
0.038942 0.154119 0.002070
0.039394 0.155395 0.004385
0.042940 0.156525 0.019825
0.045045 0.155945 0.035862
0.048318 0.162278 0.050964
0.051426 0.169932 0.066987
0.049792 0.157813 0.082443
0.064392 0.175676 0.097597
0.069994 0.172969 0.113022
0.068212 0.164386 0.129013
0.068666 0.155772 0.144694
0.073027 0.153765 0.160816
0.060224 0.199961 -0.002624
0.061297 0.198227 0.002790
0.051691 0.178437 0.019231
0.053015 0.181977 0.035075
0.052870 0.177478 0.051263
0.064041 0.197876 0.065977
0.066950 0.193292 0.081404
0.065886 0.178315 0.097539
0.093227 -0.166882 0.025629
0.093796 -0.168064 0.033775
0.095105 -0.170306 0.048766
0.095164 -0.168094 0.063978
0.095381 -0.167114 0.079716
0.097639 -0.167504 0.095731
0.098898 -0.165907 0.111457
0.099720 -0.159508 0.127873
0.080522 -0.133551 0.018396
0.078243 -0.149376 0.035625
0.080084 -0.153304 0.049261
0.077300 -0.154263 0.066207
0.077031 -0.153632 0.080898
0.080630 -0.153282 0.096710
0.088618 -0.154104 0.111793
0.095110 -0.153256 0.127373
0.100653 -0.150395 0.142605
0.101118 -0.138864 0.159093
0.068856 -0.119448 0.016498
0.075228 -0.130307 0.022024
0.071934 -0.130586 0.108100
0.074202 -0.130442 0.113019
0.082077 -0.130292 0.128885
0.089531 -0.130673 0.143588
0.095131 -0.130038 0.159264
0.102000 -0.127335 0.174353
0.103202 -0.113519 0.190677
0.073118 -0.106354 0.132508
0.077184 -0.105963 0.144227
0.083284 -0.105657 0.160103
0.090652 -0.106212 0.175786
0.099326 -0.106928 0.190294
0.104364 -0.092999 0.206051
0.074706 -0.083306 0.160028
0.082223 -0.082922 0.175805
0.090341 -0.082391 0.191159
0.099902 -0.082976 0.206388
0.104966 -0.076032 0.221639
0.105889 -0.068012 0.237213
0.107245 -0.060151 0.253345
0.076659 -0.059302 0.188988
0.078605 -0.059513 0.191908
0.085211 -0.058832 0.207265
0.093044 -0.059174 0.222945
0.099924 -0.059294 0.237872
0.106715 -0.059413 0.253217
0.108001 -0.042710 0.268652
0.078774 -0.035726 0.225785
0.085252 -0.035533 0.239315
0.093969 -0.035540 0.253721
0.105185 -0.034672 0.268865
0.079947 -0.011719 0.244194
0.086595 -0.012034 0.254300
0.098768 -0.011693 0.270047
0.108044 -0.008127 0.284451
0.080224 0.014408 0.246809
0.085512 0.011749 0.254772
0.096074 0.013467 0.269589
0.104615 0.011653 0.284726
0.080431 0.037223 0.251955
0.083019 0.036072 0.254755
0.095917 0.035519 0.269461
0.106165 0.037029 0.284628
0.079323 0.082420 0.236298
0.079583 0.078602 0.238825
0.084781 0.064651 0.254687
0.092770 0.059357 0.269602
0.103822 0.060591 0.285309
0.078477 0.106133 0.217949
0.080393 0.105601 0.223250
0.080823 0.083345 0.239075
0.089540 0.084765 0.254255
0.099930 0.088994 0.269380
0.109224 0.084574 0.284358
0.076862 0.129311 0.190475
0.076974 0.127864 0.191722
0.077627 0.113460 0.207495
0.081070 0.107391 0.223211
0.089030 0.110919 0.238162
0.107321 0.129021 0.252958
0.108070 0.113118 0.268656
0.075728 0.152642 0.171230
0.076056 0.148911 0.175715
0.079577 0.133691 0.192004
0.085215 0.130227 0.206935
0.092511 0.131715 0.222128
0.106291 0.141717 0.237269
0.072021 0.177004 0.110549
0.073073 0.177286 0.113075
0.076503 0.176781 0.128605
0.079338 0.177065 0.144227
0.075462 0.161090 0.160592
0.079430 0.158175 0.175560
0.094909 0.171445 0.190456
0.104126 0.167874 0.205649
0.070515 0.198910 0.082273
0.095939 0.198745 0.127091
0.099366 0.198467 0.142723
0.100829 0.196569 0.158664
0.102313 0.188923 0.174560
0.102814 0.180366 0.190179
0.106739 -0.179838 0.030312
0.119990 -0.195596 0.037492
0.122117 -0.198429 0.047377
0.122700 -0.194582 0.062578
0.123248 -0.196118 0.078083
0.124794 -0.197912 0.093869
0.125112 -0.192685 0.109848
0.126613 -0.190271 0.125667
0.126673 -0.184651 0.141090
0.102435 -0.178128 0.026340
0.103764 -0.177742 0.032387
0.103819 -0.178082 0.047562
0.105437 -0.177642 0.064226
0.106063 -0.177403 0.079582
0.106619 -0.176285 0.094895
0.109421 -0.176997 0.111377
0.113719 -0.177942 0.126011
0.120088 -0.177070 0.141608
0.128760 -0.177347 0.157295
0.129344 -0.167203 0.172916
0.130623 -0.155296 0.188481
0.100524 -0.153809 0.137859
0.102973 -0.153552 0.143045
0.111125 -0.153505 0.157846
0.121225 -0.153968 0.173131
0.129625 -0.153424 0.188352
0.131553 -0.138289 0.204672
0.103125 -0.129390 0.173780
0.103805 -0.130327 0.174113
0.114838 -0.130697 0.190099
0.126307 -0.130123 0.205117
0.132009 -0.124068 0.220139
0.132827 -0.111555 0.236225
0.104189 -0.106790 0.197447
0.110961 -0.105801 0.205304
0.121548 -0.106071 0.220640
0.128596 -0.105035 0.236042
0.133886 -0.103048 0.251749
0.134821 -0.093865 0.267871
0.105251 -0.082606 0.214308
0.109388 -0.083154 0.221729
0.116275 -0.083248 0.236535
0.120096 -0.081696 0.252350
0.128207 -0.082591 0.268296
0.136180 -0.077257 0.283172
0.107560 -0.059006 0.255468
0.115780 -0.059024 0.268504
0.127996 -0.057913 0.283971
0.136584 -0.051837 0.298898
0.109178 -0.034741 0.272976
0.117369 -0.035476 0.284679
0.128308 -0.035854 0.299198
0.137879 -0.032590 0.314751
0.109577 -0.011239 0.285871
0.120264 -0.011062 0.300931
0.131942 -0.011801 0.315066
0.109920 0.013176 0.291985
0.117064 0.013185 0.300388
0.130233 0.012377 0.314739
0.109776 0.037753 0.290086
0.116722 0.035903 0.300126
0.128546 0.036647 0.315030
0.110110 0.061114 0.293777
0.115346 0.062779 0.299794
0.138037 0.071143 0.314680
0.109212 0.106187 0.274452
0.110285 0.087765 0.284464
0.129210 0.086035 0.301192
0.107398 0.129633 0.252556
0.108710 0.129848 0.254263
0.118837 0.128756 0.268226
0.135979 0.128835 0.282781
0.136988 0.107739 0.299115
0.105787 0.153194 0.222765
0.115054 0.153207 0.236771
0.127601 0.153469 0.251681
0.134728 0.144686 0.267320
0.104437 0.177242 0.196752
0.110026 0.175143 0.205303
0.127052 0.176890 0.220244
0.132009 0.168045 0.235681
0.133655 0.158056 0.251597
0.125374 0.198547 0.188539
0.131348 0.193743 0.204072
0.130527 0.180102 0.219853
0.148785 -0.210745 0.040338
0.144831 -0.212185 0.045636
0.147968 -0.218524 0.061611
0.150598 -0.218280 0.076778
0.151884 -0.215352 0.092530
0.152213 -0.212654 0.108317
0.153804 -0.211683 0.124826
0.154322 -0.210228 0.140486
0.155426 -0.205948 0.155590
0.123024 -0.199526 0.041964
0.124272 -0.201042 0.046623
0.126502 -0.201330 0.063004
0.126963 -0.201274 0.078741
0.128676 -0.201868 0.094627
0.133739 -0.201377 0.109260
0.139656 -0.201586 0.124468
0.142867 -0.200556 0.140193
0.150241 -0.201536 0.155757
0.156651 -0.197638 0.170890
0.156425 -0.186688 0.186969
0.158493 -0.179762 0.202414
0.129192 -0.177348 0.158069
0.139357 -0.178161 0.172350
0.145694 -0.176840 0.187382
0.156665 -0.176986 0.203415
0.159355 -0.169571 0.218448
0.130957 -0.153930 0.190248
0.137729 -0.153016 0.203812
0.147888 -0.153541 0.219364
0.159992 -0.152999 0.233929
0.160810 -0.138788 0.249820
0.132396 -0.130043 0.215443
0.135001 -0.129914 0.219668
0.143432 -0.130054 0.235169
0.154504 -0.130410 0.250130
0.161966 -0.125062 0.265460
0.163396 -0.110396 0.281967
0.134499 -0.106789 0.247512
0.136538 -0.106728 0.251871
0.144673 -0.106270 0.266904
0.163096 -0.106980 0.284330
0.163652 -0.092398 0.297373
0.136628 -0.083237 0.280288
0.138569 -0.082975 0.282855
0.155206 -0.083220 0.298362
0.164288 -0.072379 0.313482
0.137407 -0.059280 0.294587
0.140237 -0.058628 0.298444
0.152974 -0.059159 0.313564
0.165208 -0.052035 0.329380
0.138551 -0.035814 0.313826
0.138666 -0.035102 0.314423
0.166083 -0.035761 0.338242
0.139422 -0.011811 0.322346
0.148464 -0.010612 0.329999
0.167033 -0.008803 0.344771
0.138841 0.013879 0.323094
0.145332 0.012536 0.330100
0.165210 0.011514 0.347270
0.139769 0.036509 0.327887
0.142349 0.037814 0.330393
0.167184 0.035607 0.349329
0.138099 0.080544 0.310520
0.139206 0.073159 0.314701
0.160852 0.082396 0.328686
0.166976 0.062121 0.344140
0.137807 0.091186 0.305355
0.163874 0.106240 0.318460
0.165725 0.089544 0.328906
0.136685 0.129485 0.282827
0.149734 0.124939 0.297730
0.164665 0.119638 0.312824
0.134976 0.153745 0.257831
0.143513 0.153090 0.267094
0.159792 0.153312 0.281841
0.164013 0.141712 0.297300
0.133242 0.177105 0.225912
0.150365 0.176981 0.240836
0.160582 0.176603 0.249701
0.162400 0.166575 0.265966
0.163037 0.156440 0.281381
0.139140 0.199569 0.203618
0.159811 0.187830 0.234119
0.174160 -0.226189 0.045418
0.176883 -0.230868 0.059509
0.177458 -0.230960 0.075259
0.177418 -0.228274 0.090896
0.179213 -0.226368 0.107286
0.179114 -0.226035 0.122219
0.154901 -0.210857 0.027764
0.174650 -0.220386 0.029829
0.168341 -0.223384 0.045795
0.163072 -0.225540 0.060648
0.163381 -0.225203 0.075785
0.171666 -0.225527 0.091329
0.176879 -0.225196 0.107252
0.176855 -0.224907 0.122694
0.181304 -0.225313 0.138333
0.182020 -0.219878 0.153651
0.183541 -0.214010 0.169469
0.184114 -0.207308 0.185673
0.184404 -0.201877 0.200830
0.158393 -0.201864 0.164367
0.161403 -0.201192 0.171385
0.173701 -0.200969 0.185904
0.184026 -0.201241 0.201577
0.185973 -0.190868 0.216655
0.186927 -0.181632 0.232471
0.158910 -0.177927 0.206688
0.169028 -0.177527 0.218105
0.183566 -0.178045 0.233686
0.188516 -0.168956 0.248817
0.189506 -0.154855 0.264794
0.162353 -0.154266 0.235021
0.173292 -0.154306 0.249259
0.188276 -0.154420 0.263840
0.190251 -0.142306 0.280213
0.162353 -0.130331 0.259222
0.167130 -0.130347 0.265471
0.179773 -0.130534 0.280235
0.190877 -0.124717 0.295424
0.165525 -0.106972 0.285865
0.176847 -0.106666 0.297197
0.192038 -0.106965 0.311354
0.193206 -0.085805 0.327183
0.164921 -0.082895 0.305684
0.173167 -0.083155 0.312341
0.192421 -0.083275 0.327983
0.166214 -0.059143 0.325411
0.191223 -0.059402 0.341286
0.193536 -0.059567 0.342678
0.174214 -0.035815 0.343238
0.194823 -0.035641 0.353718
0.193860 -0.018568 0.358322
0.186336 -0.011790 0.354520
0.193358 -0.012159 0.360153
0.185051 0.011749 0.358336
0.191147 0.011770 0.361668
0.185859 0.035517 0.358666
0.191246 0.036262 0.361108
0.182187 0.082114 0.342195
0.192717 0.082296 0.345994
0.178835 0.105952 0.327504
0.193435 0.105962 0.333208
0.193920 0.087950 0.342969
0.173204 0.129971 0.311776
0.191660 0.129574 0.318741
0.191185 0.115518 0.327073
0.176075 0.153610 0.294630
0.191303 0.153547 0.300864
0.191972 0.140048 0.311285
0.161977 0.177093 0.250161
0.175755 0.177442 0.264631
0.189237 0.173261 0.279625
0.190967 0.159464 0.295278
0.187745 0.196295 0.248484
0.188874 0.186482 0.263801
0.202451 -0.229830 0.029402
0.203103 -0.236942 0.044964
0.203386 -0.242148 0.058047
0.203634 -0.242211 0.073663
0.205318 -0.239727 0.090248
0.206400 -0.237636 0.105753
0.206330 -0.235826 0.120714
0.208665 -0.233197 0.136122
0.209783 -0.227024 0.152462
0.185805 -0.222840 0.025350
0.187177 -0.225068 0.027677
0.201247 -0.225347 0.152013
0.205493 -0.225448 0.154310
0.209005 -0.221778 0.167741
0.210097 -0.218767 0.184132
0.212226 -0.214006 0.200393
0.213133 -0.207274 0.215260
0.186783 -0.201840 0.203765
0.209205 -0.201827 0.221126
0.214012 -0.198059 0.231291
0.215164 -0.187426 0.247217
0.188356 -0.178011 0.238178
0.199156 -0.177992 0.247378
0.215630 -0.174809 0.262473
0.216474 -0.164068 0.278021
0.189567 -0.154266 0.265663
0.211251 -0.154178 0.285625
0.217174 -0.149149 0.293820
0.218071 -0.133945 0.309667
0.191440 -0.130559 0.291623
0.197749 -0.130691 0.296898
0.218838 -0.130638 0.312884
0.219189 -0.114847 0.325503
0.193458 -0.106941 0.312759
0.220421 -0.106867 0.331707
0.220522 -0.093192 0.341256
0.195813 -0.083247 0.330780
0.218829 -0.082901 0.345873
0.221362 -0.059501 0.356085
0.222059 -0.057499 0.357119
0.202337 -0.035208 0.356570
0.221104 -0.035859 0.365023
0.222886 -0.011439 0.371923
0.223046 -0.003843 0.372564
0.217777 0.013403 0.372337
0.222224 0.012972 0.373347
0.195268 0.058325 0.357725
0.222925 0.041724 0.370007
0.221773 0.081462 0.356001
0.221946 0.079163 0.357075
0.211563 0.106314 0.339518
0.218691 0.105861 0.342551
0.210514 0.129645 0.325292
0.218697 0.129636 0.327607
0.220734 0.110010 0.341031
0.213590 0.153356 0.308910
0.216531 0.153601 0.309737
0.219770 0.133269 0.325679
0.194789 0.177287 0.277501
0.215869 0.177330 0.287095
0.217926 0.171283 0.293788
0.218921 0.153920 0.309975
0.216269 0.197735 0.262431
0.215471 0.184677 0.278322
0.230805 -0.249895 0.057647
0.232176 -0.252600 0.072886
0.232198 -0.250739 0.087870
0.228649 -0.234422 0.026921
0.222644 -0.247879 0.055523
0.228467 -0.249262 0.056974
0.221869 -0.249043 0.072480
0.227581 -0.249101 0.087877
0.233830 -0.247935 0.103763
0.234085 -0.244170 0.119431
0.235660 -0.238893 0.135197
0.235418 -0.233896 0.150751
0.237759 -0.229884 0.166389
0.211657 -0.225426 0.158467
0.238691 -0.225492 0.180722
0.238766 -0.225050 0.182300
0.238246 -0.219409 0.197907
0.238958 -0.213889 0.213438
0.241555 -0.207449 0.229273
0.214747 -0.201528 0.225626
0.241774 -0.201820 0.240950
0.241649 -0.199625 0.244982
0.242514 -0.190481 0.260629
0.216625 -0.177911 0.260297
0.238636 -0.177949 0.274609
0.243854 -0.177442 0.277615
0.243956 -0.165229 0.292324
0.223082 -0.154362 0.292044
0.242957 -0.154295 0.304739
0.246057 -0.152178 0.308576
0.246271 -0.134080 0.324090
0.237441 -0.130232 0.322952
0.243199 -0.130481 0.325441
0.246340 -0.113501 0.339514
0.235523 -0.106884 0.339382
0.245825 -0.106688 0.343562
0.249007 -0.084888 0.355575
0.242801 -0.083028 0.354775
0.248696 -0.082045 0.356737
0.248384 -0.059544 0.365446
0.250102 -0.042897 0.370758
0.240285 -0.035342 0.371063
0.249252 -0.033943 0.372895
0.223200 -0.010834 0.372033
0.250415 -0.011199 0.376426
0.224362 0.035201 0.371959
0.250449 0.014597 0.377528
0.249001 0.058154 0.369643
0.249963 0.036658 0.374686
0.222127 0.082198 0.355807
0.250006 0.060578 0.369092
0.248456 0.106285 0.349641
0.248171 0.096523 0.355324
0.247007 0.129932 0.332365
0.247741 0.119337 0.339334
0.244840 0.153384 0.316022
0.246418 0.143585 0.323923
0.244950 0.177419 0.291974
0.244534 0.177102 0.292185
0.246323 0.161438 0.308113
0.243439 0.192227 0.276415
0.257704 -0.252843 0.054899
0.259042 -0.256710 0.069980
0.258013 -0.256943 0.085744
0.259951 -0.253879 0.102360
0.245874 -0.241555 0.021561
0.256003 -0.240774 0.023334
0.252700 -0.241994 0.038905
0.234074 -0.249209 0.097974
0.256559 -0.249280 0.115945
0.260122 -0.249194 0.117456
0.262257 -0.244506 0.133655
0.262319 -0.239062 0.149298
0.264359 -0.234028 0.165266
0.263664 -0.227877 0.181351
0.239475 -0.225466 0.181339
0.264344 -0.224446 0.190470
0.266223 -0.222107 0.196952
0.267280 -0.216802 0.212529
0.267793 -0.210100 0.228080
0.267329 -0.202677 0.243745
0.255055 -0.201859 0.243400
0.269206 -0.201681 0.245828
0.269990 -0.194906 0.259393
0.269891 -0.186251 0.274744
0.271016 -0.178024 0.287126
0.270979 -0.175547 0.290708
0.272157 -0.163157 0.306278
0.247615 -0.154286 0.307194
0.270956 -0.154397 0.314907
0.273922 -0.147190 0.322303
0.274250 -0.130598 0.336390
0.273133 -0.127591 0.338069
0.275724 -0.106952 0.350828
0.275818 -0.101564 0.353792
0.276327 -0.082056 0.362461
0.277027 -0.059992 0.369127
0.273801 -0.059236 0.369170
0.275294 -0.059354 0.369226
0.277389 -0.034482 0.373972
0.277381 -0.007892 0.375955
0.277625 0.012786 0.376741
0.276996 0.058063 0.368837
0.277248 0.039291 0.373635
0.276994 0.059397 0.368445
0.275411 0.106201 0.343853
0.275210 0.093584 0.353943
0.274240 0.129296 0.328867
0.275230 0.113920 0.338225
0.272729 0.153437 0.311658
0.273340 0.138888 0.322345
0.270976 0.177452 0.291344
0.273336 0.159403 0.306976
0.271257 0.194137 0.274727
0.271991 0.178229 0.290500
0.283042 -0.258686 0.049211
0.284835 -0.260550 0.052780
0.285968 -0.260638 0.068587
0.287053 -0.259661 0.084578
0.288066 -0.256070 0.100813
0.287419 -0.253168 0.115900
0.281194 -0.245241 0.024245
0.266515 -0.247169 0.039372
0.288651 -0.249105 0.126272
0.289355 -0.246209 0.131963
0.290969 -0.240629 0.147630
0.289550 -0.236126 0.163145
0.292284 -0.231121 0.178566
0.293369 -0.225221 0.193796
0.292558 -0.224854 0.194700
0.294418 -0.218043 0.210143
0.295153 -0.209608 0.225776
0.294948 -0.202177 0.241676
0.296087 -0.201678 0.242237
0.297199 -0.194900 0.257376
0.297655 -0.187284 0.273488
0.298500 -0.178088 0.288181
0.297770 -0.177674 0.288929
0.300299 -0.165410 0.304567
0.299652 -0.153993 0.316043
0.299801 -0.149248 0.320471
0.290307 -0.130829 0.336767
0.301467 -0.130612 0.335716
0.301449 -0.128949 0.336662
0.302433 -0.106498 0.349208
0.301690 -0.100900 0.352034
0.303620 -0.082741 0.358715
0.297592 -0.060345 0.367948
0.303794 -0.058308 0.367116
0.302991 -0.056859 0.367646
0.303909 -0.034965 0.370618
0.304251 -0.010993 0.372022
0.304368 0.014558 0.370503
0.303748 0.038915 0.367248
0.303457 0.036599 0.367699
0.303119 0.080863 0.351491
0.303306 0.075857 0.353640
0.302041 0.105620 0.334556
0.301470 0.103026 0.336264
0.298255 0.083511 0.352171
0.300307 0.129959 0.318735
0.300907 0.126518 0.320755
0.292495 0.106821 0.337220
0.300060 0.153716 0.298746
0.299298 0.147197 0.304784
0.293426 0.130891 0.320822
0.298405 0.176815 0.278951
0.299299 0.165104 0.288776
0.284101 0.154841 0.305711
0.297822 0.184963 0.273337
0.274081 0.177954 0.290411
0.310679 -0.258695 0.035987
0.311765 -0.260579 0.052129
0.312701 -0.260026 0.067010
0.313699 -0.259072 0.083031
0.314684 -0.256105 0.098626
0.315087 -0.252232 0.114191
0.291070 -0.244422 0.019547
0.290070 -0.246213 0.021355
0.316535 -0.249210 0.122988
0.316978 -0.246988 0.129786
0.316402 -0.242423 0.145579
0.318092 -0.236777 0.161506
0.319142 -0.230026 0.177019
0.319367 -0.225332 0.186459
0.319233 -0.221672 0.192703
0.319272 -0.210289 0.208702
0.317417 -0.202036 0.224989
0.322062 -0.201546 0.221912
0.320194 -0.201042 0.224444
0.321929 -0.196016 0.240134
0.322690 -0.191595 0.255780
0.325555 -0.182465 0.271909
0.325062 -0.177954 0.279224
0.324385 -0.172350 0.287502
0.327287 -0.159110 0.303001
0.326189 -0.154232 0.308918
0.328182 -0.142470 0.318945
0.328943 -0.130529 0.328217
0.329293 -0.119631 0.334457
0.329633 -0.106254 0.341077
0.327456 -0.084048 0.350532
0.329655 -0.083001 0.350000
0.330190 -0.081964 0.350247
0.330113 -0.059412 0.357673
0.320069 -0.036055 0.366544
0.330884 -0.034465 0.364194
0.331044 -0.021367 0.365921
0.331169 -0.011387 0.365615
0.330352 -0.011133 0.366014
0.330681 0.014139 0.361443
0.316737 0.012798 0.366914
0.330234 0.057223 0.349243
0.330108 0.036500 0.357509
0.329008 0.082452 0.336412
0.325047 0.059004 0.350777
0.327737 0.104873 0.323216
0.328505 0.085194 0.334577
0.327200 0.129630 0.304307
0.327257 0.113118 0.319078
0.326118 0.153661 0.282442
0.325724 0.147752 0.287647
0.326618 0.131260 0.303005
0.324794 0.177008 0.268404
0.325220 0.170589 0.271658
0.317229 0.154160 0.287685
0.313676 0.177605 0.272307
0.337430 -0.258377 0.031258
0.337588 -0.258995 0.033743
0.338536 -0.259438 0.049918
0.338272 -0.256696 0.065705
0.339089 -0.253594 0.080927
0.341124 -0.249937 0.097140
0.332561 -0.249359 0.113109
0.342462 -0.248876 0.102586
0.341635 -0.247691 0.112470
0.343832 -0.243419 0.128268
0.344638 -0.237234 0.144572
0.345487 -0.230717 0.159935
0.335184 -0.226450 0.175957
0.345912 -0.225201 0.170977
0.344877 -0.222986 0.175479
0.346917 -0.210636 0.191338
0.342952 -0.202006 0.207081
0.348496 -0.201413 0.203651
0.346237 -0.200483 0.206919
0.349617 -0.190849 0.222872
0.348982 -0.186699 0.238464
0.351201 -0.180826 0.254407
0.336613 -0.178561 0.271136
0.351930 -0.177720 0.260489
0.351577 -0.171966 0.270505
0.351359 -0.161278 0.285786
0.336777 -0.155532 0.302403
0.353559 -0.154192 0.292693
0.354413 -0.145671 0.301398
0.349214 -0.131108 0.317491
0.355011 -0.130046 0.314248
0.353960 -0.126362 0.317589
0.346176 -0.107089 0.333485
0.356012 -0.105489 0.328932
0.355805 -0.094779 0.333228
0.356266 -0.081128 0.337360
0.347126 -0.060644 0.349253
0.356577 -0.058809 0.344132
0.357024 -0.044801 0.348650
0.357284 -0.032530 0.350227
0.331442 -0.018096 0.365855
0.357496 -0.008585 0.352319
0.356931 0.023599 0.347231
0.357187 0.017991 0.348838
0.356650 0.044606 0.341683
0.347091 0.035783 0.349381
0.355397 0.082019 0.319909
0.356480 0.060159 0.335904
0.354585 0.104956 0.305589
0.354632 0.085725 0.317514
0.331732 0.082929 0.334227
0.353294 0.129231 0.288238
0.353285 0.112386 0.301586
0.334960 0.106722 0.318218
0.351899 0.152734 0.269890
0.353216 0.131792 0.285930
0.351699 0.173443 0.259802
0.349523 0.154726 0.269995
0.351013 0.184415 0.254985
0.362901 -0.257980 0.022960
0.364501 -0.258219 0.031955
0.366479 -0.255294 0.049306
0.365932 -0.252327 0.063492
0.358527 -0.249539 0.079765
0.343006 -0.249479 0.097000
0.367989 -0.249284 0.076041
0.368198 -0.248263 0.079320
0.368702 -0.243756 0.095789
0.369430 -0.240649 0.110802
0.370478 -0.233737 0.126801
0.369776 -0.226037 0.142691
0.355679 -0.225741 0.159243
0.371902 -0.224806 0.142707
0.370062 -0.219122 0.158588
0.373326 -0.209947 0.174189
0.367313 -0.201903 0.190004
0.373526 -0.201088 0.186800
0.370860 -0.199927 0.190506
0.375779 -0.188248 0.205426
0.375712 -0.180085 0.221622
0.367328 -0.178465 0.237269
0.356563 -0.178299 0.253935
0.376906 -0.178002 0.224642
0.377083 -0.172416 0.237145
0.377812 -0.165727 0.252663
0.379550 -0.154766 0.268164
0.361850 -0.154675 0.285118
0.379180 -0.154021 0.269486
0.379975 -0.138951 0.283921
0.369887 -0.131782 0.300373
0.380594 -0.130513 0.291396
0.380100 -0.121464 0.299718
0.371532 -0.108362 0.316020
0.381975 -0.106276 0.307748
0.382112 -0.090913 0.315506
0.363484 -0.084273 0.332315
0.382224 -0.083088 0.319470
0.370495 -0.070388 0.331921
0.383118 -0.058536 0.326696
0.377751 -0.054436 0.331540
0.357513 -0.044086 0.348508
0.383081 -0.035485 0.333240
0.363363 -0.027479 0.348200
0.383590 -0.009087 0.336112
0.363604 -0.009965 0.348135
0.383303 0.032541 0.330174
0.383623 0.013413 0.336014
0.360720 0.012909 0.348312
0.382471 0.058349 0.317476
0.380386 0.035760 0.331300
0.381052 0.081962 0.306659
0.382361 0.059364 0.317150
0.362261 0.059721 0.332742
0.381046 0.105216 0.293915
0.380865 0.094366 0.299732
0.359195 0.083030 0.316837
0.380075 0.129641 0.276533
0.379980 0.121549 0.284324
0.362945 0.106708 0.300729
0.378772 0.152863 0.260113
0.379554 0.137366 0.268978
0.358164 0.130179 0.285234
0.377788 0.177249 0.246651
0.377554 0.166473 0.252824
0.377172 0.197173 0.236908
0.360960 0.178175 0.253642
0.389581 -0.254864 0.014426
0.390665 -0.253321 0.014721
0.390285 -0.254804 0.030543
0.393276 -0.252559 0.046853
0.390584 -0.249448 0.062369
0.393907 -0.248969 0.061697
0.392800 -0.249146 0.061940
0.395056 -0.242485 0.078022
0.395255 -0.236303 0.093404
0.397024 -0.230095 0.109599
0.382378 -0.228620 0.125783
0.397461 -0.225330 0.120311
0.397475 -0.222790 0.125225
0.397807 -0.215288 0.140875
0.398647 -0.208156 0.156561
0.391057 -0.202312 0.173063
0.399384 -0.201713 0.168359
0.399728 -0.199143 0.172052
0.401066 -0.187503 0.188030
0.395368 -0.178269 0.203937
0.379597 -0.178387 0.220846
0.401736 -0.177719 0.199986
0.401799 -0.175193 0.203646
0.402827 -0.165308 0.219794
0.403217 -0.155894 0.235372
0.389890 -0.155753 0.252158
0.404289 -0.154213 0.236926
0.405639 -0.143700 0.250777
0.404488 -0.131214 0.266921
0.387595 -0.131293 0.283727
0.406370 -0.130118 0.266237
0.405268 -0.130595 0.266896
0.403887 -0.113952 0.282555
0.391593 -0.107622 0.299170
0.407596 -0.105805 0.285921
0.406447 -0.085826 0.298200
0.385243 -0.085336 0.315320
0.407515 -0.083171 0.298514
0.389517 -0.077380 0.315061
0.408731 -0.059013 0.305552
0.401396 -0.051485 0.314227
0.384907 -0.036589 0.331399
0.409237 -0.034305 0.311283
0.407030 -0.032782 0.314141
0.387401 -0.030694 0.330961
0.409319 0.011182 0.312761
0.409373 -0.009236 0.316095
0.391746 -0.009321 0.330839
0.409324 0.015871 0.312046
0.407956 0.011696 0.313991
0.389934 0.012133 0.331096
0.408791 0.049092 0.303238
0.399917 0.035361 0.314318
0.408186 0.072131 0.294960
0.408142 0.064527 0.298024
0.385243 0.058983 0.315268
0.407207 0.105625 0.280650
0.408020 0.083960 0.290463
0.395142 0.083587 0.299153
0.405959 0.128984 0.262933
0.406420 0.122398 0.266499
0.403323 0.106657 0.282868
0.405613 0.153606 0.251909
0.396452 0.130877 0.267137
0.404306 0.177228 0.235446
0.405668 0.154200 0.251423
0.402811 0.196424 0.219429
0.403803 0.178081 0.235089
0.399614 -0.249494 0.013362
0.404504 -0.250063 0.017667
0.408260 -0.249402 0.030510
0.405553 -0.249289 0.046132
0.414868 -0.237788 0.000598
0.416551 -0.244030 0.013311
0.417198 -0.245535 0.029111
0.420057 -0.243834 0.044416
0.418501 -0.241283 0.060335
0.421328 -0.232773 0.076176
0.422110 -0.228464 0.092101
0.410318 -0.225597 0.109078
0.423314 -0.225246 0.099862
0.423726 -0.221698 0.107792
0.424860 -0.213683 0.123780
0.425333 -0.206694 0.139289
0.418689 -0.202106 0.155390
0.426177 -0.201506 0.150320
0.426502 -0.198751 0.155091
0.426771 -0.188783 0.170455
0.421380 -0.178168 0.186581
0.428563 -0.178112 0.181382
0.428741 -0.171537 0.186707
0.429317 -0.159417 0.202082
0.420957 -0.154691 0.218489
0.429625 -0.154065 0.210025
0.429897 -0.148461 0.217814
0.430484 -0.134877 0.233940
0.421219 -0.130825 0.250193
0.432069 -0.129416 0.238918
0.430789 -0.120639 0.249474
0.423669 -0.111706 0.265493
0.408129 -0.109179 0.282474
0.432615 -0.106884 0.259906
0.433555 -0.100568 0.265239
0.420646 -0.094231 0.281908
0.434168 -0.083265 0.275892
0.431889 -0.076593 0.281122
0.414806 -0.068480 0.297685
0.434914 -0.059330 0.285755
0.419426 -0.057384 0.297543
0.435155 -0.035642 0.290555
0.427705 -0.031306 0.296841
0.410488 -0.022591 0.313684
0.435408 -0.009061 0.294576
0.433072 -0.009629 0.296524
0.411431 -0.010600 0.314001
0.435159 0.011745 0.293696
0.431472 0.011957 0.297045
0.434462 0.055284 0.280574
0.434724 0.042263 0.283445
0.423210 0.035978 0.297394
0.434624 0.059129 0.280532
0.434275 0.060315 0.280962
0.410537 0.059457 0.298238
0.433371 0.106079 0.262468
0.433670 0.100865 0.265070
0.421840 0.083440 0.281570
0.432938 0.129250 0.252871
0.424569 0.107049 0.265604
0.432015 0.153606 0.238840
0.431840 0.133691 0.249686
0.431012 0.176447 0.225875
0.431816 0.161978 0.234366
0.406640 0.154293 0.250948
0.430217 0.188184 0.218351
0.418602 -0.241362 0.008291
0.440361 -0.238362 0.014564
0.446464 -0.239134 0.027546
0.446902 -0.234944 0.043259
0.446475 -0.225961 0.058690
0.439132 -0.226266 0.074934
0.431915 -0.225646 0.091451
0.448278 -0.225559 0.057760
0.448255 -0.225505 0.059237
0.448104 -0.223709 0.075100
0.448805 -0.219243 0.090372
0.451203 -0.209440 0.105815
0.448613 -0.202354 0.121803
0.435854 -0.201879 0.138378
0.451720 -0.201234 0.120057
0.449980 -0.201443 0.121951
0.452111 -0.192751 0.137753
0.451949 -0.181544 0.153421
0.439207 -0.181034 0.169735
0.454248 -0.177950 0.156177
0.454656 -0.168665 0.168973
0.455248 -0.156102 0.184698
0.435932 -0.154825 0.201814
0.454890 -0.154078 0.187193
0.456270 -0.141910 0.200857
0.448164 -0.130852 0.216884
0.433297 -0.132692 0.233401
0.457207 -0.130405 0.210833
0.457565 -0.123337 0.216802
0.452477 -0.112083 0.232164
0.437042 -0.111824 0.249335
0.458493 -0.106568 0.231001
0.458236 -0.105297 0.232263
0.456831 -0.090189 0.247699
0.447024 -0.083857 0.264284
0.459761 -0.083190 0.251778
0.451768 -0.076719 0.264115
0.442539 -0.059896 0.280304
0.460793 -0.059339 0.265134
0.444256 -0.056327 0.280082
0.461201 -0.033105 0.271711
0.451159 -0.033689 0.279661
0.460838 -0.011814 0.273573
0.452976 -0.011656 0.279829
0.461158 0.012603 0.271739
0.450452 0.012492 0.280019
0.460525 0.035734 0.267069
0.439467 0.036388 0.280607
0.460547 0.062699 0.262254
0.459972 0.060540 0.263487
0.460004 0.089876 0.256631
0.448023 0.083021 0.264452
0.459282 0.129829 0.244367
0.459846 0.107452 0.251961
0.458028 0.153575 0.229353
0.457665 0.150784 0.231912
0.448091 0.130226 0.248303
0.457363 0.176996 0.213471
0.457546 0.172133 0.216558
0.448814 0.153985 0.232681
0.456727 0.197680 0.201016
0.449851 0.177841 0.216897
0.462916 -0.226096 0.009786
0.472035 -0.225837 0.010939
0.473567 -0.227848 0.025532
0.468472 -0.225718 0.041941
0.467141 -0.220666 -0.002093
0.469759 -0.225579 0.010707
0.474454 -0.225144 0.040180
0.474031 -0.224990 0.041298
0.474499 -0.222369 0.057231
0.476124 -0.215614 0.073379
0.475495 -0.206535 0.088549
0.463681 -0.201883 0.105581
0.476958 -0.201506 0.095064
0.477142 -0.195130 0.104323
0.478618 -0.185894 0.120280
0.479220 -0.179387 0.136198
0.457457 -0.178400 0.152996
0.480155 -0.178121 0.138141
0.480780 -0.170529 0.151833
0.481417 -0.160372 0.167640
0.458283 -0.154544 0.184977
0.482531 -0.153867 0.176111
0.482998 -0.146318 0.183463
0.477970 -0.130751 0.199216
0.483772 -0.130403 0.196430
0.483876 -0.127747 0.198696
0.482697 -0.107103 0.214852
0.484539 -0.106424 0.214038
0.484725 -0.105003 0.214837
0.477395 -0.088719 0.230908
0.460236 -0.086669 0.247709
0.485004 -0.081581 0.229349
0.484897 -0.080377 0.230198
0.477264 -0.059903 0.246680
0.461923 -0.060375 0.263410
0.486406 -0.057643 0.239589
0.479014 -0.055758 0.246419
0.465416 -0.054171 0.262963
0.486734 -0.033476 0.244702
0.485522 -0.031700 0.246037
0.469829 -0.034203 0.262860
0.486852 -0.011219 0.249391
0.472667 -0.011642 0.262776
0.487154 0.012868 0.252198
0.473075 0.012009 0.262741
0.486616 0.037211 0.250179
0.467051 0.035786 0.262885
0.486627 0.078830 0.243261
0.486770 0.061456 0.248331
0.486449 0.086723 0.241355
0.482045 0.082633 0.246219
0.485543 0.129891 0.230046
0.486244 0.110141 0.236423
0.470230 0.106477 0.247137
0.484782 0.153647 0.218016
0.484424 0.130403 0.230493
0.484008 0.177282 0.203888
0.484746 0.159658 0.214600
0.483636 0.183798 0.198933
0.475482 -0.225667 0.012381
0.479792 -0.226245 0.025182
0.496902 -0.212437 -0.000472
0.497337 -0.215846 0.008478
0.499700 -0.215756 0.024403
0.501178 -0.215531 0.039746
0.501691 -0.210344 0.055871
0.502020 -0.204564 0.071130
0.486817 -0.202176 0.088115
0.503666 -0.201476 0.076982
0.503657 -0.195835 0.087084
0.504493 -0.185494 0.103021
0.501280 -0.178364 0.118676
0.481495 -0.178428 0.135744
0.505733 -0.177977 0.116126
0.505791 -0.176632 0.118652
0.505016 -0.168857 0.134367
0.506963 -0.156115 0.150316
0.493047 -0.155613 0.166460
0.507856 -0.153936 0.152720
0.507152 -0.146696 0.165609
0.505539 -0.131110 0.181943
0.509529 -0.129747 0.179273
0.510068 -0.126150 0.181497
0.506108 -0.109823 0.197331
0.510494 -0.107026 0.195192
0.510744 -0.102507 0.197696
0.497765 -0.091265 0.213701
0.511155 -0.081681 0.206610
0.505853 -0.076790 0.213170
0.496910 -0.059926 0.229477
0.511604 -0.059354 0.215635
0.497411 -0.058660 0.229538
0.512582 -0.035200 0.224195
0.511958 -0.023050 0.228676
0.489219 -0.019834 0.245779
0.512660 -0.011843 0.230483
0.492576 -0.007657 0.245575
0.512936 0.014550 0.229938
0.495906 0.012914 0.245456
0.512872 0.058473 0.228413
0.512811 0.035301 0.232173
0.493186 0.038664 0.245871
0.512746 0.063963 0.227277
0.511507 0.060465 0.229085
0.490185 0.060731 0.245825
0.512616 0.084284 0.224098
0.504568 0.085048 0.229055
0.511867 0.111290 0.219292
0.497925 0.107343 0.229521
0.511509 0.148208 0.207200
0.511946 0.131244 0.213493
0.510631 0.176518 0.191925
0.510331 0.169702 0.197073
0.493436 0.155003 0.213873
0.509366 0.189569 0.181384
0.495482 0.178515 0.198066
0.511792 -0.204727 -0.003019
0.522356 -0.203178 0.006957
0.524465 -0.203786 0.022388
0.526198 -0.204814 0.038574
0.526602 -0.202093 0.054543
0.507381 -0.202289 0.070760
0.524386 -0.197381 -0.002713
0.525625 -0.200113 0.006595
0.528714 -0.201699 0.050437
0.528770 -0.201500 0.053650
0.530335 -0.193101 0.069538
0.530738 -0.184306 0.085236
0.526287 -0.178227 0.101220
0.532149 -0.177687 0.098123
0.532160 -0.174876 0.101504
0.532788 -0.161015 0.116810
0.526449 -0.154476 0.133126
0.508198 -0.155645 0.149741
0.533139 -0.154442 0.125477
0.533550 -0.148279 0.132945
0.529571 -0.139193 0.148691
0.517881 -0.136028 0.164967
0.534855 -0.130516 0.149230
0.524188 -0.126800 0.164863
0.521376 -0.109718 0.180685
0.535809 -0.104994 0.165123
0.523716 -0.105254 0.180491
0.516220 -0.094085 0.196723
0.536491 -0.083171 0.176344
0.534283 -0.080141 0.179975
0.522180 -0.076977 0.196336
0.513943 -0.059879 0.213229
0.537342 -0.058310 0.186090
0.534922 -0.047032 0.196244
0.523364 -0.041512 0.212169
0.538311 -0.034647 0.199800
0.526505 -0.032816 0.211960
0.513829 -0.017419 0.228448
0.538314 -0.009948 0.203968
0.530664 -0.009155 0.211706
0.515124 -0.009938 0.228507
0.538744 0.012720 0.207726
0.534792 0.014554 0.211514
0.514265 0.011576 0.228407
0.538594 0.038349 0.209287
0.535941 0.038018 0.211486
0.516798 0.036523 0.228504
0.538687 0.064260 0.206908
0.533092 0.061463 0.211669
0.537932 0.086273 0.205129
0.528792 0.088039 0.211810
0.538305 0.111576 0.200132
0.522440 0.108967 0.212410
0.537828 0.133976 0.195036
0.537621 0.131829 0.195732
0.512566 0.131269 0.213096
0.536555 0.177335 0.177593
0.537491 0.154179 0.188092
0.522766 0.155696 0.196492
0.536106 0.194293 0.164556
0.531736 0.177796 0.180211
0.528559 -0.201969 0.028501
0.529531 -0.202995 0.038073
0.526285 -0.193267 -0.009588
0.545567 -0.182936 -0.000598
0.553698 -0.179422 0.004848
0.553105 -0.184715 0.020747
0.553188 -0.189119 0.036372
0.556334 -0.187662 0.052026
0.556800 -0.180885 0.067788
0.539688 -0.178298 0.084637
0.553165 -0.177860 0.003810
0.557779 -0.177246 0.072945
0.558418 -0.168856 0.084069
0.551658 -0.157263 0.099838
0.539568 -0.154590 0.116233
0.558835 -0.153489 0.096870
0.555248 -0.154043 0.099596
0.557047 -0.136443 0.115199
0.545081 -0.132014 0.132146
0.560312 -0.130296 0.118040
0.559834 -0.117317 0.131186
0.543416 -0.116767 0.147853
0.561646 -0.105924 0.136890
0.556051 -0.096191 0.146922
0.538093 -0.102224 0.163762
0.562048 -0.081799 0.146274
0.562099 -0.080525 0.146683
0.550608 -0.075396 0.163042
0.543084 -0.060199 0.179296
0.562595 -0.059510 0.154471
0.556947 -0.058430 0.162725
0.552198 -0.044974 0.178847
0.542245 -0.036923 0.195173
0.563357 -0.035120 0.167081
0.556945 -0.031640 0.178726
0.543741 -0.033340 0.195103
0.563986 -0.012129 0.179283
0.547273 -0.009342 0.194920
0.564448 0.011668 0.183501
0.553886 0.013636 0.194471
0.564506 0.037062 0.188022
0.557618 0.038092 0.194229
0.564342 0.060920 0.187358
0.555806 0.059498 0.194393
0.564162 0.088746 0.183957
0.551656 0.083049 0.194826
0.563859 0.124557 0.177721
0.563930 0.109953 0.180750
0.546221 0.107319 0.194911
0.563876 0.133522 0.175224
0.560745 0.130417 0.178492
0.538579 0.130247 0.195443
0.562855 0.177411 0.160121
0.563156 0.163262 0.165662
0.549966 0.153765 0.179329
0.561485 0.194282 0.146858
0.559437 0.177544 0.162825
0.554844 -0.178529 0.009084
0.560283 -0.178393 0.020758
0.565740 -0.179385 0.036296
0.565391 -0.181282 0.051594
0.559948 -0.178779 0.067783
0.568767 -0.159646 -0.001381
0.576468 -0.157208 0.004598
0.579831 -0.163565 0.019564
0.581008 -0.168684 0.034992
0.582973 -0.166901 0.050469
0.583286 -0.160183 0.066727
0.574294 -0.154593 0.082956
0.584942 -0.154319 0.073129
0.584892 -0.142866 0.082408
0.576149 -0.131082 0.098991
0.561742 -0.131514 0.115004
0.585696 -0.129970 0.091563
0.585565 -0.121164 0.097788
0.574800 -0.114973 0.114557
0.566907 -0.107878 0.130797
0.586868 -0.105400 0.104899
0.581242 -0.102055 0.113947
0.569469 -0.103516 0.130548
0.586725 -0.081931 0.110738
0.584479 -0.081121 0.113561
0.575110 -0.083146 0.130234
0.562305 -0.079799 0.146794
0.587472 -0.059263 0.118661
0.580611 -0.057184 0.129592
0.569759 -0.057417 0.146104
0.564630 -0.040359 0.162252
0.588210 -0.034611 0.127340
0.586915 -0.035538 0.129273
0.581720 -0.030872 0.145361
0.574099 -0.022660 0.161673
0.564224 -0.013242 0.178540
0.588550 -0.011825 0.139470
0.588619 -0.003146 0.145084
0.576819 -0.011006 0.161531
0.567482 -0.005988 0.178053
0.589796 0.012628 0.153579
0.584248 0.013522 0.161074
0.570751 0.013612 0.177600
0.590071 0.035961 0.162527
0.575872 0.037429 0.177468
0.590346 0.061412 0.163991
0.575849 0.059431 0.177294
0.590275 0.084825 0.162959
0.572536 0.084736 0.177630
0.590096 0.110882 0.159643
0.589368 0.106700 0.160965
0.568911 0.106437 0.177900
0.589645 0.133288 0.154378
0.582047 0.131113 0.161225
0.588525 0.177325 0.136419
0.588915 0.158804 0.146048
0.571842 0.155173 0.161824
0.587680 0.187588 0.129479
0.578334 0.178395 0.145600
0.584203 -0.154874 0.009012
0.592269 -0.155119 0.018474
0.594069 -0.156828 0.034275
0.594549 -0.155312 0.050297
0.589663 -0.154602 0.066365
0.591096 -0.144850 0.001747
0.605811 -0.131143 0.004890
0.604953 -0.140500 0.017526
0.606827 -0.142327 0.033471
0.608567 -0.139023 0.049636
0.602957 -0.138864 0.065464
0.595372 -0.130943 0.081326
0.607699 -0.129608 0.005844
0.611198 -0.130093 0.060231
0.611443 -0.126059 0.064770
0.604337 -0.120324 0.080771
0.591495 -0.113175 0.097299
0.612088 -0.106943 0.081242
0.595537 -0.105387 0.097224
0.612830 -0.081589 0.088201
0.604160 -0.075459 0.096585
0.588452 -0.070681 0.113466
0.612801 -0.058409 0.091575
0.607732 -0.056569 0.096474
0.592230 -0.056168 0.113069
0.613077 -0.035489 0.096530
0.611588 -0.012794 0.112016
0.594687 -0.016724 0.128833
0.614182 -0.012013 0.108644
0.612372 -0.010745 0.111923
0.610648 0.010895 0.128212
0.594866 0.008532 0.144565
0.615022 0.012243 0.125109
0.611506 0.011982 0.128061
0.603111 0.025051 0.144104
0.591080 0.031990 0.160591
0.615139 0.036971 0.134185
0.606535 0.036382 0.143825
0.591714 0.035953 0.160784
0.615895 0.062454 0.137506
0.610387 0.059963 0.143665
0.593821 0.061405 0.160682
0.615932 0.083959 0.140011
0.612088 0.084136 0.143968
0.593476 0.083521 0.160483
0.615282 0.110515 0.138318
0.609816 0.107031 0.143777
0.615132 0.153402 0.124612
0.615568 0.131192 0.132418
0.599920 0.136129 0.144825
0.614157 0.177415 0.107643
0.613468 0.175203 0.111797
0.608918 0.158122 0.128416
0.592732 0.154013 0.144797
0.607420 0.196441 0.014003
0.611397 0.195327 0.064572
0.612076 0.189977 0.081310
0.612565 0.184497 0.096685
0.610757 0.178227 0.112155
0.596188 0.178325 0.128771
0.610707 -0.132384 0.011459
0.611562 -0.131440 0.017165
0.614373 -0.131307 0.032923
0.613512 -0.131680 0.048651
0.608648 -0.128844 0.006328
0.622163 -0.111882 0.016452
0.617920 -0.124411 0.032490
0.626863 -0.111297 0.048450
0.615496 -0.119729 0.064417
0.621918 -0.085096 0.001130
0.623002 -0.104694 0.016576
0.631495 -0.093894 0.031844
0.635008 -0.098160 0.047308
0.633664 -0.088268 0.063375
0.617446 -0.096534 0.080178
0.628395 -0.077125 0.001183
0.635934 -0.082500 0.023211
0.638149 -0.083303 0.056773
0.634737 -0.082315 0.063110
0.621819 -0.081307 0.079703
0.638599 -0.057869 0.064431
0.629237 -0.050366 0.079244
0.639074 -0.035346 0.073316
0.636034 -0.031132 0.078852
0.626721 -0.013009 0.095327
0.639162 -0.011493 0.081816
0.630646 -0.005158 0.094960
0.624440 0.010693 0.111156
0.640201 0.011515 0.090826
0.639014 0.015961 0.094554
0.624831 0.011743 0.111169
0.618331 0.024621 0.127366
0.640806 0.036821 0.099568
0.632193 0.036544 0.110920
0.621207 0.035441 0.127486
0.640822 0.061074 0.106324
0.637105 0.059122 0.110387
0.624102 0.060968 0.127107
0.641336 0.085314 0.108472
0.639941 0.085021 0.110359
0.628347 0.085281 0.126907
0.640887 0.107832 0.107948
0.638913 0.107828 0.110432
0.625850 0.107020 0.127075
0.640137 0.153122 0.088407
0.639934 0.147691 0.094618
0.634710 0.131334 0.110538
0.620697 0.130416 0.127647
0.628640 0.171694 0.015592
0.635877 0.165648 0.018725
0.636546 0.170757 0.032356
0.635778 0.169759 0.047412
0.637909 0.168109 0.063021
0.639412 0.160640 0.079355
0.636151 0.154289 0.095072
0.625652 0.154951 0.111462
0.619887 0.178190 0.011303
0.625686 0.177510 0.019664
0.630841 0.177573 0.032787
0.627992 0.177831 0.048296
0.625465 0.178931 0.064117
0.625394 0.177649 0.079750
0.620127 0.177619 0.095869
0.638738 -0.083958 0.033239
0.638123 -0.089770 0.047279
0.637467 -0.076402 0.014764
0.638145 -0.076086 0.018160
0.641482 -0.075338 0.031097
0.641112 -0.081306 0.047092
0.638797 -0.060531 0.062979
0.645608 -0.049611 0.017560
0.646990 -0.057983 0.030844
0.644408 -0.056647 0.046822
0.639282 -0.057291 0.063322
0.647904 -0.016063 0.014493
0.650253 -0.030255 0.020774
0.651846 -0.032595 0.030549
0.648628 -0.033618 0.046535
0.644783 -0.034829 0.062607
0.640442 -0.015861 0.078663
0.646254 -0.000764 0.007864
0.649850 -0.009270 0.015477
0.650916 -0.010104 0.030511
0.658504 -0.004325 0.045892
0.652190 -0.008505 0.062131
0.642239 -0.008992 0.078660
0.649977 0.016602 0.008489
0.653313 0.017166 0.014613
0.664224 0.011693 0.040910
0.663325 0.013479 0.045623
0.657123 0.014446 0.062075
0.649411 0.014678 0.078233
0.640772 0.020981 0.094435
0.665211 0.035556 0.054968
0.663149 0.038004 0.061474
0.656967 0.036326 0.077662
0.645289 0.036690 0.094114
0.665740 0.059781 0.063543
0.658595 0.060169 0.077816
0.648471 0.060644 0.094010
0.666204 0.082761 0.072741
0.663752 0.085505 0.077611
0.652085 0.084553 0.094098
0.663606 0.129964 0.031156
0.664291 0.126834 0.046429
0.665249 0.118062 0.061557
0.661745 0.109057 0.077334
0.651832 0.106575 0.093801
0.660834 0.132850 0.028819
0.663750 0.130705 0.029942
0.662078 0.130615 0.046651
0.660648 0.131460 0.061983
0.655356 0.131396 0.077728
0.645843 0.132871 0.094148
0.649646 0.154434 0.026149
0.649397 0.154169 0.031050
0.650061 0.154120 0.046388
0.648166 0.154751 0.062358
0.642740 0.155020 0.079063
0.665738 0.010864 0.032972
0.676007 0.029672 0.025374
0.672239 0.022616 0.029308
0.665840 0.021038 0.045500
0.677128 0.035468 0.026598
0.676983 0.036740 0.029197
0.671510 0.040023 0.045106
0.666131 0.050918 0.061287
0.675658 0.070247 0.021463
0.674139 0.058947 0.029382
0.675543 0.061067 0.045046
0.666609 0.059143 0.061529
0.670988 0.083142 0.024200
0.672504 0.084045 0.031147
0.674751 0.084113 0.045084
0.669746 0.083394 0.061098
0.665882 0.121006 0.029486
0.672164 0.107338 0.037073
0.672792 0.106715 0.045032
0.668438 0.107150 0.061204
