0.0000 0.0000 0.0000 0.0000
0.0020 -0.0007 0.0010 0.0029
0.0041 -0.0013 0.0020 0.0058
0.0061 -0.0020 0.0031 0.0087
0.0082 -0.0027 0.0042 0.0116
0.0102 -0.0034 0.0054 0.0145
0.0123 -0.0040 0.0066 0.0174
0.0143 -0.0047 0.0079 0.0204
0.0164 -0.0054 0.0092 0.0233
0.0184 -0.0060 0.0105 0.0262
0.0205 -0.0067 0.0120 0.0292
0.0225 -0.0073 0.0134 0.0321
0.0246 -0.0080 0.0149 0.0351
0.0266 -0.0086 0.0165 0.0380
0.0287 -0.0093 0.0181 0.0410
0.0307 -0.0099 0.0197 0.0439
0.0328 -0.0106 0.0214 0.0469
0.0349 -0.0112 0.0231 0.0498
0.0369 -0.0119 0.0249 0.0527
0.0390 -0.0125 0.0268 0.0556
0.0410 -0.0131 0.0287 0.0585
0.0431 -0.0138 0.0306 0.0614
0.0451 -0.0144 0.0326 0.0643
0.0472 -0.0150 0.0346 0.0671
0.0493 -0.0157 0.0367 0.0699
0.0513 -0.0163 0.0389 0.0728
0.0534 -0.0169 0.0410 0.0755
0.0555 -0.0175 0.0433 0.0783
0.0575 -0.0181 0.0455 0.0811
0.0596 -0.0188 0.0478 0.0838
0.0616 -0.0194 0.0502 0.0865
0.0637 -0.0200 0.0526 0.0891
0.0658 -0.0206 0.0550 0.0918
0.0678 -0.0212 0.0575 0.0944
0.0699 -0.0218 0.0600 0.0970
0.0720 -0.0224 0.0626 0.0995
0.0740 -0.0230 0.0651 0.1020
0.0761 -0.0236 0.0678 0.1045
0.0782 -0.0242 0.0704 0.1069
0.0803 -0.0248 0.0731 0.1093
0.0823 -0.0254 0.0758 0.1117
0.0844 -0.0260 0.0785 0.1140
0.0865 -0.0266 0.0813 0.1163
0.0885 -0.0272 0.0841 0.1186
0.0906 -0.0277 0.0869 0.1208
0.0927 -0.0283 0.0898 0.1229
0.0948 -0.0289 0.0926 0.1251
0.0968 -0.0295 0.0955 0.1272
0.0989 -0.0301 0.0984 0.1292
0.1010 -0.0306 0.1013 0.1312
0.1031 -0.0312 0.1042 0.1332
0.1051 -0.0318 0.1072 0.1351
0.1072 -0.0324 0.1101 0.1370
0.1093 -0.0329 0.1131 0.1388
0.1114 -0.0335 0.1160 0.1406
0.1135 -0.0341 0.1190 0.1424
0.1155 -0.0346 0.1220 0.1441
0.1176 -0.0352 0.1250 0.1458
0.1197 -0.0357 0.1280 0.1474
0.1218 -0.0363 0.1310 0.1490
0.1239 -0.0369 0.1339 0.1505
0.1259 -0.0374 0.1369 0.1521
0.1280 -0.0380 0.1399 0.1535
0.1301 -0.0385 0.1429 0.1550
0.1322 -0.0391 0.1458 0.1564
0.1343 -0.0396 0.1488 0.1577
0.1363 -0.0402 0.1517 0.1590
0.1384 -0.0407 0.1547 0.1603
0.1405 -0.0412 0.1576 0.1616
0.1426 -0.0418 0.1605 0.1628
0.1447 -0.0423 0.1634 0.1640
0.1468 -0.0429 0.1663 0.1651
0.1489 -0.0434 0.1691 0.1662
0.1509 -0.0439 0.1720 0.1673
0.1530 -0.0445 0.1748 0.1684
0.1551 -0.0450 0.1776 0.1694
0.1572 -0.0455 0.1804 0.1704
0.1593 -0.0461 0.1832 0.1713
0.1614 -0.0466 0.1860 0.1723
0.1635 -0.0471 0.1887 0.1732
0.1656 -0.0477 0.1914 0.1740
0.1676 -0.0482 0.1941 0.1749
0.1697 -0.0487 0.1967 0.1757
0.1718 -0.0492 0.1994 0.1765
0.1739 -0.0498 0.2020 0.1773
0.1760 -0.0503 0.2046 0.1780
0.1781 -0.0508 0.2071 0.1787
0.1802 -0.0513 0.2097 0.1794
0.1823 -0.0519 0.2122 0.1801
0.1844 -0.0524 0.2146 0.1808
0.1864 -0.0529 0.2171 0.1814
0.1885 -0.0534 0.2195 0.1821
0.1906 -0.0539 0.2219 0.1827
0.1927 -0.0544 0.2243 0.1832
0.1948 -0.0550 0.2266 0.1838
0.1969 -0.0555 0.2290 0.1844
0.1990 -0.0560 0.2312 0.1849
0.2011 -0.0565 0.2335 0.1854
0.2032 -0.0570 0.2357 0.1859
0.2053 -0.0575 0.2379 0.1864
0.2074 -0.0580 0.2401 0.1869
0.2095 -0.0585 0.2422 0.1873
0.2116 -0.0590 0.2444 0.1878
0.2137 -0.0595 0.2464 0.1882
0.2157 -0.0600 0.2485 0.1886
0.2178 -0.0605 0.2505 0.1890
0.2199 -0.0610 0.2525 0.1894
0.2220 -0.0615 0.2545 0.1898
0.2241 -0.0620 0.2565 0.1902
0.2262 -0.0625 0.2584 0.1906
0.2283 -0.0630 0.2603 0.1909
0.2304 -0.0635 0.2621 0.1913
0.2325 -0.0640 0.2640 0.1916
0.2346 -0.0645 0.2658 0.1919
0.2367 -0.0650 0.2676 0.1922
0.2388 -0.0655 0.2693 0.1926
0.2409 -0.0660 0.2711 0.1929
0.2430 -0.0665 0.2728 0.1931
0.2451 -0.0670 0.2745 0.1934
0.2472 -0.0675 0.2761 0.1937
0.2493 -0.0680 0.2777 0.1940
0.2514 -0.0685 0.2794 0.1943
0.2535 -0.0689 0.2809 0.1945
0.2556 -0.0694 0.2825 0.1948
0.2577 -0.0699 0.2840 0.1950
0.2598 -0.0704 0.2856 0.1953
0.2619 -0.0709 0.2870 0.1955
0.2640 -0.0714 0.2885 0.1957
0.2661 -0.0718 0.2900 0.1959
0.2682 -0.0723 0.2914 0.1962
0.2703 -0.0728 0.2928 0.1964
0.2724 -0.0733 0.2942 0.1966
0.2745 -0.0738 0.2955 0.1968
0.2766 -0.0742 0.2969 0.1970
0.2787 -0.0747 0.2982 0.1972
0.2808 -0.0752 0.2995 0.1974
0.2829 -0.0757 0.3008 0.1976
0.2850 -0.0761 0.3021 0.1978
0.2871 -0.0766 0.3033 0.1980
0.2892 -0.0771 0.3045 0.1981
0.2913 -0.0776 0.3058 0.1983
0.2934 -0.0780 0.3069 0.1985
0.2955 -0.0785 0.3081 0.1987
0.2976 -0.0790 0.3093 0.1988
0.2997 -0.0794 0.3104 0.1990
0.3018 -0.0799 0.3116 0.1992
0.3039 -0.0804 0.3127 0.1993
0.3060 -0.0808 0.3138 0.1995
0.3081 -0.0813 0.3148 0.1996
0.3102 -0.0817 0.3159 0.1998
0.3123 -0.0822 0.3170 0.1999
0.3144 -0.0827 0.3180 0.2001
0.3165 -0.0831 0.3190 0.2002
0.3186 -0.0836 0.3200 0.2004
0.3207 -0.0840 0.3210 0.2005
0.3228 -0.0845 0.3220 0.2006
0.3250 -0.0849 0.3230 0.2008
0.3271 -0.0854 0.3240 0.2009
0.3292 -0.0858 0.3249 0.2010
0.3313 -0.0863 0.3259 0.2012
0.3334 -0.0867 0.3268 0.2013
0.3355 -0.0872 0.3277 0.2014
0.3376 -0.0876 0.3286 0.2016
0.3397 -0.0880 0.3295 0.2017
0.3418 -0.0885 0.3304 0.2018
0.3439 -0.0889 0.3313 0.2019
0.3460 -0.0894 0.3321 0.2021
0.3481 -0.0898 0.3330 0.2022
0.3502 -0.0902 0.3339 0.2023
0.3524 -0.0907 0.3347 0.2024
0.3545 -0.0911 0.3355 0.2025
0.3566 -0.0915 0.3364 0.2027
0.3587 -0.0920 0.3372 0.2028
0.3608 -0.0924 0.3380 0.2029
0.3629 -0.0928 0.3388 0.2030
0.3650 -0.0932 0.3396 0.2031
0.3671 -0.0937 0.3404 0.2032
0.3692 -0.0941 0.3412 0.2034
0.3714 -0.0945 0.3420 0.2035
0.3735 -0.0949 0.3428 0.2036
0.3756 -0.0953 0.3435 0.2037
0.3777 -0.0957 0.3443 0.2038
0.3798 -0.0961 0.3451 0.2039
0.3819 -0.0966 0.3458 0.2040
0.3840 -0.0970 0.3466 0.2041
0.3862 -0.0974 0.3473 0.2042
0.3883 -0.0978 0.3481 0.2043
0.3904 -0.0982 0.3488 0.2045
0.3925 -0.0986 0.3496 0.2046
0.3946 -0.0990 0.3503 0.2047
0.3967 -0.0994 0.3510 0.2048
0.3989 -0.0998 0.3518 0.2049
0.4010 -0.1002 0.3525 0.2050
0.4031 -0.1005 0.3532 0.2051
0.4052 -0.1009 0.3540 0.2052
0.4073 -0.1013 0.3547 0.2053
0.4095 -0.1017 0.3554 0.2054
0.4116 -0.1021 0.3561 0.2055
0.4137 -0.1025 0.3568 0.2056
0.4158 -0.1028 0.3576 0.2057
0.4179 -0.1032 0.3583 0.2059
0.4201 -0.1036 0.3590 0.2060
0.4222 -0.1039 0.3597 0.2061
0.4243 -0.1043 0.3605 0.2062
0.4264 -0.1047 0.3612 0.2063
0.4286 -0.1050 0.3619 0.2064
0.4307 -0.1054 0.3626 0.2065
0.4328 -0.1057 0.3633 0.2066
0.4349 -0.1061 0.3641 0.2067
0.4371 -0.1064 0.3648 0.2068
0.4392 -0.1068 0.3655 0.2069
0.4413 -0.1071 0.3663 0.2071
0.4434 -0.1075 0.3670 0.2072
0.4456 -0.1078 0.3677 0.2073
0.4477 -0.1082 0.3685 0.2074
0.4498 -0.1085 0.3692 0.2075
0.4519 -0.1088 0.3700 0.2076
0.4541 -0.1091 0.3707 0.2078
0.4562 -0.1095 0.3715 0.2079
0.4583 -0.1098 0.3722 0.2080
0.4605 -0.1101 0.3730 0.2081
0.4626 -0.1104 0.3738 0.2082
0.4647 -0.1107 0.3745 0.2084
0.4669 -0.1111 0.3753 0.2085
0.4690 -0.1114 0.3761 0.2086
0.4711 -0.1117 0.3769 0.2087
0.4733 -0.1120 0.3777 0.2089
0.4754 -0.1123 0.3785 0.2090
0.4775 -0.1125 0.3793 0.2091
0.4797 -0.1128 0.3801 0.2092
0.4818 -0.1131 0.3810 0.2094
0.4839 -0.1134 0.3818 0.2095
0.4861 -0.1137 0.3826 0.2096
0.4882 -0.1140 0.3835 0.2098
0.4903 -0.1142 0.3843 0.2099
0.4925 -0.1145 0.3852 0.2101
0.4946 -0.1148 0.3861 0.2102
0.4967 -0.1150 0.3870 0.2104
0.4989 -0.1153 0.3879 0.2105
0.5010 -0.1155 0.3888 0.2106
0.5032 -0.1158 0.3897 0.2108
0.5053 -0.1160 0.3906 0.2110
0.5074 -0.1163 0.3916 0.2111
0.5096 -0.1165 0.3925 0.2113
0.5117 -0.1168 0.3935 0.2114
0.5139 -0.1170 0.3945 0.2116
0.5160 -0.1172 0.3955 0.2118
0.5182 -0.1174 0.3965 0.2119
0.5203 -0.1177 0.3975 0.2121
0.5224 -0.1179 0.3985 0.2123
0.5246 -0.1181 0.3996 0.2124
0.5267 -0.1183 0.4007 0.2126
0.5289 -0.1185 0.4018 0.2128
0.5310 -0.1187 0.4029 0.2130
0.5332 -0.1189 0.4040 0.2132
0.5353 -0.1191 0.4051 0.2133
0.5375 -0.1192 0.4063 0.2135
0.5396 -0.1194 0.4074 0.2137
0.5417 -0.1196 0.4086 0.2139
0.5439 -0.1198 0.4098 0.2141
0.5460 -0.1199 0.4111 0.2143
0.5482 -0.1201 0.4123 0.2146
0.5503 -0.1203 0.4136 0.2148
0.5525 -0.1204 0.4149 0.2150
0.5546 -0.1206 0.4162 0.2152
0.5568 -0.1207 0.4175 0.2154
0.5589 -0.1208 0.4189 0.2156
0.5611 -0.1210 0.4203 0.2159
0.5632 -0.1211 0.4217 0.2161
0.5654 -0.1212 0.4231 0.2163
0.5675 -0.1213 0.4246 0.2166
0.5697 -0.1215 0.4261 0.2168
0.5718 -0.1216 0.4276 0.2171
0.5740 -0.1217 0.4292 0.2173
0.5761 -0.1218 0.4307 0.2176
0.5783 -0.1219 0.4323 0.2178
0.5804 -0.1220 0.4340 0.2181
0.5826 -0.1220 0.4356 0.2184
0.5847 -0.1221 0.4373 0.2186
0.5869 -0.1222 0.4391 0.2189
0.5891 -0.1223 0.4408 0.2192
0.5912 -0.1223 0.4426 0.2195
0.5934 -0.1224 0.4445 0.2197
0.5955 -0.1224 0.4463 0.2200
0.5977 -0.1225 0.4482 0.2203
0.5998 -0.1225 0.4502 0.2206
0.6020 -0.1226 0.4521 0.2209
0.6041 -0.1226 0.4542 0.2212
0.6063 -0.1226 0.4562 0.2215
0.6084 -0.1226 0.4583 0.2218
0.6106 -0.1226 0.4604 0.2221
0.6127 -0.1227 0.4626 0.2224
0.6149 -0.1227 0.4648 0.2227
0.6171 -0.1227 0.4671 0.2230
0.6192 -0.1226 0.4694 0.2233
0.6214 -0.1226 0.4717 0.2237
0.6235 -0.1226 0.4741 0.2240
0.6257 -0.1226 0.4766 0.2243
0.6278 -0.1226 0.4790 0.2246
0.6300 -0.1225 0.4816 0.2249
0.6321 -0.1225 0.4841 0.2252
0.6343 -0.1224 0.4868 0.2255
0.6364 -0.1224 0.4894 0.2258
0.6386 -0.1223 0.4922 0.2261
0.6407 -0.1222 0.4949 0.2264
0.6429 -0.1222 0.4978 0.2267
0.6450 -0.1221 0.5006 0.2270
0.6472 -0.1220 0.5036 0.2273
0.6493 -0.1219 0.5065 0.2275
0.6515 -0.1218 0.5096 0.2278
0.6537 -0.1217 0.5126 0.2281
0.6558 -0.1216 0.5158 0.2283
0.6580 -0.1215 0.5190 0.2286
0.6601 -0.1213 0.5222 0.2288
0.6623 -0.1212 0.5255 0.2290
0.6644 -0.1211 0.5289 0.2292
0.6666 -0.1209 0.5323 0.2294
0.6687 -0.1208 0.5357 0.2296
0.6709 -0.1206 0.5393 0.2297
0.6730 -0.1205 0.5428 0.2299
0.6751 -0.1203 0.5465 0.2300
0.6773 -0.1201 0.5501 0.2301
0.6794 -0.1200 0.5539 0.2302
0.6816 -0.1198 0.5577 0.2302
0.6837 -0.1196 0.5615 0.2303
0.6859 -0.1194 0.5654 0.2303
0.6880 -0.1192 0.5694 0.2303
0.6902 -0.1190 0.5734 0.2302
0.6923 -0.1187 0.5775 0.2302
0.6944 -0.1185 0.5816 0.2301
0.6966 -0.1183 0.5857 0.2299
0.6987 -0.1180 0.5899 0.2297
0.7009 -0.1178 0.5942 0.2295
0.7030 -0.1175 0.5985 0.2293
0.7051 -0.1173 0.6029 0.2290
0.7073 -0.1170 0.6073 0.2287
0.7094 -0.1167 0.6118 0.2283
0.7116 -0.1165 0.6162 0.2279
0.7137 -0.1162 0.6208 0.2275
0.7158 -0.1159 0.6254 0.2270
0.7180 -0.1156 0.6300 0.2264
0.7201 -0.1153 0.6346 0.2258
0.7222 -0.1150 0.6393 0.2252
0.7244 -0.1146 0.6441 0.2245
0.7265 -0.1143 0.6488 0.2238
0.7286 -0.1140 0.6536 0.2230
0.7307 -0.1136 0.6584 0.2221
0.7329 -0.1133 0.6633 0.2212
0.7350 -0.1129 0.6682 0.2203
0.7371 -0.1126 0.6730 0.2192
0.7392 -0.1122 0.6780 0.2182
0.7414 -0.1118 0.6829 0.2170
0.7435 -0.1115 0.6878 0.2159
0.7456 -0.1111 0.6928 0.2146
0.7477 -0.1107 0.6977 0.2133
0.7498 -0.1103 0.7027 0.2119
0.7519 -0.1099 0.7077 0.2105
0.7541 -0.1095 0.7127 0.2090
0.7562 -0.1090 0.7176 0.2075
0.7583 -0.1086 0.7226 0.2059
0.7604 -0.1082 0.7276 0.2043
0.7625 -0.1077 0.7325 0.2025
0.7646 -0.1073 0.7375 0.2008
0.7667 -0.1068 0.7424 0.1990
0.7688 -0.1064 0.7473 0.1971
0.7709 -0.1059 0.7522 0.1951
0.7730 -0.1054 0.7571 0.1932
0.7751 -0.1050 0.7620 0.1911
0.7772 -0.1045 0.7668 0.1890
0.7793 -0.1040 0.7716 0.1869
0.7814 -0.1035 0.7764 0.1847
0.7835 -0.1030 0.7811 0.1825
0.7856 -0.1025 0.7858 0.1802
0.7877 -0.1019 0.7905 0.1779
0.7898 -0.1014 0.7951 0.1756
0.7919 -0.1009 0.7997 0.1732
0.7939 -0.1003 0.8042 0.1708
0.7960 -0.0998 0.8087 0.1683
0.7981 -0.0992 0.8132 0.1658
0.8002 -0.0987 0.8176 0.1633
0.8023 -0.0981 0.8220 0.1608
0.8043 -0.0975 0.8263 0.1582
0.8064 -0.0969 0.8305 0.1556
0.8085 -0.0964 0.8347 0.1530
0.8106 -0.0958 0.8389 0.1504
0.8126 -0.0952 0.8430 0.1478
0.8147 -0.0946 0.8470 0.1451
0.8168 -0.0940 0.8510 0.1425
0.8188 -0.0933 0.8550 0.1398
0.8209 -0.0927 0.8588 0.1371
0.8229 -0.0921 0.8627 0.1344
0.8250 -0.0914 0.8664 0.1318
0.8271 -0.0908 0.8701 0.1291
0.8291 -0.0902 0.8738 0.1264
0.8312 -0.0895 0.8774 0.1237
0.8332 -0.0888 0.8809 0.1211
0.8353 -0.0882 0.8844 0.1185
0.8373 -0.0875 0.8878 0.1158
0.8394 -0.0868 0.8911 0.1132
0.8414 -0.0861 0.8944 0.1106
0.8434 -0.0854 0.8977 0.1080
0.8455 -0.0847 0.9008 0.1055
0.8475 -0.0840 0.9040 0.1029
0.8495 -0.0833 0.9070 0.1004
0.8516 -0.0826 0.9100 0.0979
0.8536 -0.0819 0.9130 0.0954
0.8556 -0.0812 0.9159 0.0930
0.8577 -0.0804 0.9187 0.0906
0.8597 -0.0797 0.9215 0.0882
0.8617 -0.0790 0.9243 0.0858
0.8637 -0.0782 0.9270 0.0835
0.8657 -0.0775 0.9296 0.0812
0.8678 -0.0767 0.9322 0.0790
0.8698 -0.0759 0.9347 0.0768
0.8718 -0.0752 0.9372 0.0746
0.8738 -0.0744 0.9396 0.0725
0.8758 -0.0736 0.9420 0.0703
0.8778 -0.0728 0.9443 0.0683
0.8798 -0.0720 0.9466 0.0662
0.8818 -0.0712 0.9489 0.0642
0.8838 -0.0704 0.9510 0.0623
0.8858 -0.0696 0.9532 0.0604
0.8878 -0.0688 0.9553 0.0585
0.8898 -0.0680 0.9574 0.0566
0.8918 -0.0672 0.9594 0.0548
0.8938 -0.0663 0.9614 0.0531
0.8958 -0.0655 0.9633 0.0513
0.8977 -0.0646 0.9652 0.0496
0.8997 -0.0638 0.9670 0.0480
0.9017 -0.0630 0.9688 0.0464
0.9037 -0.0621 0.9706 0.0448
0.9057 -0.0612 0.9724 0.0432
0.9076 -0.0604 0.9741 0.0417
0.9096 -0.0595 0.9757 0.0403
0.9116 -0.0586 0.9773 0.0388
0.9135 -0.0578 0.9789 0.0374
0.9155 -0.0569 0.9805 0.0360
0.9175 -0.0560 0.9820 0.0347
0.9194 -0.0551 0.9835 0.0334
0.9214 -0.0542 0.9850 0.0321
0.9233 -0.0533 0.9864 0.0309
0.9253 -0.0524 0.9878 0.0297
0.9272 -0.0515 0.9891 0.0285
0.9292 -0.0506 0.9905 0.0274
0.9312 -0.0497 0.9918 0.0263
0.9331 -0.0488 0.9931 0.0252
0.9350 -0.0478 0.9943 0.0241
0.9370 -0.0469 0.9955 0.0231
0.9389 -0.0460 0.9967 0.0221
0.9409 -0.0450 0.9979 0.0211
0.9428 -0.0441 0.9990 0.0202
0.9448 -0.0432 1.0001 0.0192
0.9467 -0.0422 1.0012 0.0183
0.9486 -0.0413 1.0023 0.0175
0.9506 -0.0403 1.0033 0.0166
0.9525 -0.0394 1.0043 0.0158
0.9544 -0.0384 1.0053 0.0150
0.9564 -0.0375 1.0063 0.0142
0.9583 -0.0365 1.0072 0.0134
0.9602 -0.0356 1.0082 0.0127
0.9621 -0.0346 1.0091 0.0119
0.9641 -0.0336 1.0099 0.0112
0.9660 -0.0327 1.0108 0.0105
0.9679 -0.0317 1.0116 0.0099
0.9698 -0.0307 1.0124 0.0092
0.9718 -0.0298 1.0132 0.0086
0.9737 -0.0288 1.0140 0.0080
0.9756 -0.0278 1.0148 0.0074
0.9775 -0.0269 1.0155 0.0068
0.9795 -0.0259 1.0162 0.0063
0.9814 -0.0250 1.0169 0.0058
0.9833 -0.0240 1.0176 0.0053
0.9853 -0.0231 1.0182 0.0048
0.9872 -0.0221 1.0188 0.0044
0.9891 -0.0212 1.0194 0.0040
0.9911 -0.0202 1.0200 0.0036
0.9930 -0.0193 1.0205 0.0032
0.9950 -0.0184 1.0210 0.0029
0.9969 -0.0174 1.0215 0.0027
0.9989 -0.0165 1.0220 0.0024
1.0008 -0.0156 1.0224 0.0023
1.0028 -0.0147 1.0228 0.0021
1.0047 -0.0138 1.0231 0.0020
1.0067 -0.0130 1.0235 0.0020
1.0087 -0.0121 1.0238 0.0020
1.0107 -0.0113 1.0241 0.0021
1.0126 -0.0104 1.0243 0.0022
1.0146 -0.0096 1.0246 0.0023
1.0166 -0.0088 1.0248 0.0025
1.0186 -0.0080 1.0250 0.0026
1.0206 -0.0072 1.0252 0.0029
1.0226 -0.0064 1.0253 0.0031
1.0247 -0.0057 1.0255 0.0034
1.0267 -0.0049 1.0256 0.0036
1.0287 -0.0042 1.0258 0.0039
1.0307 -0.0035 1.0259 0.0042
1.0328 -0.0027 1.0260 0.0045
1.0348 -0.0020 1.0262 0.0049
1.0368 -0.0014 1.0263 0.0052
1.0389 -0.0007 1.0264 0.0055
1.0409 0.0000 1.0409 0.0000
