0 0 0 0
0.00215398 6.12746e-09 4.19734e-05 0.00304372
0.00430796 1.06929e-06 0.000120715 0.00611187
0.00646194 4.24363e-06 0.000237279 0.00920468
0.00861592 9.55495e-06 0.000392767 0.0123213
0.0107699 1.70162e-05 0.000588113 0.0154609
0.0129238 2.66546e-05 0.000824438 0.0186225
0.0150778 3.84786e-05 0.00110247 0.021805
0.0172317 5.25201e-05 0.00142346 0.0250075
0.0193857 6.87798e-05 0.00178792 0.0282287
0.0215396 8.72906e-05 0.00219741 0.0314679
0.0236934 0.000108025 0.0026516 0.0347233
0.0258473 0.00013104 0.0031517 0.0379937
0.0280011 0.000156349 0.00369961 0.0412789
0.0301549 0.000183905 0.00429476 0.0445763
0.0323087 0.000213734 0.00493751 0.0478848
0.0344625 0.000245856 0.00562822 0.0512029
0.0366162 0.00028031 0.00636739 0.0545291
0.0387698 0.000317115 0.00715817 0.0578633
0.0409235 0.000356183 0.00799827 0.0612033
0.043077 0.000397544 0.0088891 0.0645459
0.0452306 0.000441169 0.00982878 0.0678925
0.0473841 0.000487101 0.0108194 0.0712384
0.0495375 0.00053534 0.0118602 0.0745834
0.0516909 0.000585867 0.0129507 0.0779265
0.0538442 0.000638735 0.014091 0.0812657
0.0559975 0.000693876 0.015281 0.0845992
0.0581507 0.000751381 0.016521 0.0879246
0.0603039 0.000811196 0.0178129 0.0912426
0.062457 0.000873248 0.0191543 0.0945508
0.06461 0.00093752 0.0205442 0.0978472
0.0667629 0.00100402 0.0219822 0.10113
0.0689158 0.0010728 0.0234676 0.104399
0.0710686 0.00114372 0.0249997 0.10765
0.0732214 0.00121682 0.0265779 0.110884
0.075374 0.00129216 0.0282012 0.114098
0.0775266 0.00136968 0.0298686 0.117291
0.0796791 0.00144936 0.0315794 0.120462
0.0818316 0.00153115 0.0333322 0.123611
0.0839839 0.00161513 0.0351266 0.126733
0.0861362 0.00170124 0.0369598 0.129832
0.0882883 0.0017894 0.0388332 0.1329
0.0904404 0.00187966 0.0407431 0.135943
0.0925924 0.00197206 0.0426893 0.138957
0.0947443 0.00206648 0.0446709 0.141938
0.0968962 0.00216297 0.0466857 0.144889
0.0990479 0.00226149 0.0487325 0.147808
0.1012 0.002362 0.0508101 0.150695
0.103351 0.00246445 0.0529169 0.153546
0.105503 0.00256891 0.0550514 0.156363
0.107654 0.00267535 0.0572119 0.159146
0.109805 0.00278376 0.0594018 0.161896
0.111956 0.002894 0.0616151 0.164608
0.114107 0.003006 0.0638504 0.167283
0.116258 0.0031198 0.0661061 0.16992
0.118409 0.00323543 0.0683806 0.17252
0.12056 0.00335284 0.0706724 0.175083
0.122711 0.00347202 0.0729803 0.177609
0.124861 0.00359284 0.0753021 0.180094
0.127012 0.00371544 0.0776374 0.182545
0.129162 0.00383962 0.0799826 0.18495
0.131312 0.00396553 0.0823389 0.187323
0.133463 0.00409304 0.0847028 0.189654
0.135613 0.00422211 0.0870734 0.191947
0.137763 0.00435277 0.08945 0.194203
0.139913 0.00448494 0.0918306 0.19642
0.142063 0.00461858 0.0942133 0.198597
0.144212 0.00475377 0.0965981 0.200738
0.146362 0.0048905 0.0989829 0.202842
0.148511 0.00502875 0.101366 0.204907
0.150661 0.00516837 0.103747 0.206935
0.15281 0.00530944 0.106124 0.208927
0.15496 0.00545196 0.108496 0.210882
0.157109 0.00559586 0.110863 0.212801
0.159258 0.00574105 0.113222 0.214684
0.161407 0.00588748 0.115573 0.216531
0.163556 0.00603525 0.117916 0.218345
0.165704 0.00618433 0.120247 0.220123
0.167853 0.00633474 0.122569 0.221871
0.170002 0.0064864 0.124876 0.22358
0.17215 0.00663934 0.127174 0.225261
0.174299 0.00679337 0.129455 0.226905
0.176447 0.00694864 0.131723 0.22852
0.178596 0.00710515 0.133977 0.230104
0.180744 0.00726277 0.136213 0.231655
0.182892 0.00742155 0.138434 0.233177
0.18504 0.00758151 0.140637 0.234671
0.187188 0.00774258 0.142822 0.236133
0.189336 0.00790467 0.144988 0.237566
0.191483 0.0080679 0.147137 0.238972
0.193631 0.00823222 0.149266 0.240352
0.195779 0.00839756 0.151375 0.241703
0.197926 0.00856398 0.153463 0.243027
0.200074 0.00873148 0.155531 0.244326
0.202221 0.00890007 0.157579 0.2456
0.204369 0.00906968 0.159605 0.246848
0.206516 0.00924018 0.161608 0.24807
0.208663 0.00941174 0.163592 0.249271
0.21081 0.0095842 0.165549 0.250445
0.212957 0.00975771 0.167491 0.2516
0.215104 0.0099321 0.169403 0.252729
0.217251 0.0101076 0.171297 0.253837
0.219397 0.010284 0.173167 0.254925
0.221544 0.0104614 0.175012 0.255989
0.223691 0.0106397 0.176838 0.257035
0.225837 0.010819 0.178639 0.258061
0.227984 0.0109992 0.180416 0.259064
0.23013 0.0111803 0.182171 0.26005
0.232276 0.0113624 0.183904 0.261017
0.234422 0.0115453 0.185613 0.261965
0.236569 0.0117292 0.187299 0.262895
0.238715 0.0119141 0.188963 0.263808
0.240861 0.0120999 0.190603 0.264704
0.243006 0.0122866 0.19222 0.265581
0.245152 0.0124743 0.193817 0.266443
0.247298 0.0126629 0.195388 0.267288
0.249444 0.0128525 0.196941 0.26812
0.251589 0.0130429 0.198467 0.268933
0.253735 0.0132343 0.199977 0.269733
0.25588 0.0134264 0.201458 0.270518
0.258025 0.0136196 0.202924 0.271289
0.26017 0.0138137 0.204366 0.272046
0.262316 0.0140087 0.205786 0.272787
0.264461 0.0142048 0.207191 0.273517
0.266606 0.0144017 0.208574 0.274234
0.26875 0.0145996 0.209938 0.274939
0.270895 0.0147984 0.211283 0.275633
0.27304 0.0149982 0.212607 0.276313
0.275185 0.0151989 0.213911 0.27698
0.277329 0.0154006 0.215198 0.277638
0.279473 0.0156033 0.216465 0.278284
0.281618 0.0158069 0.217713 0.278918
0.283762 0.0160116 0.218942 0.279542
0.285906 0.0162173 0.220156 0.280156
0.28805 0.0164239 0.22135 0.28076
0.290194 0.0166315 0.222527 0.281352
0.292338 0.01684 0.223685 0.281937
0.294482 0.0170497 0.224832 0.282511
0.296625 0.0172603 0.225954 0.283078
0.298769 0.017472 0.227067 0.283633
0.300912 0.0176847 0.228159 0.28418
0.303056 0.0178985 0.229239 0.284719
0.305199 0.0181135 0.230304 0.28525
0.307342 0.0183294 0.231351 0.285772
0.309485 0.0185465 0.232385 0.286287
0.311628 0.0187647 0.233406 0.286795
0.313771 0.0189839 0.23441 0.287295
0.315914 0.0192044 0.235402 0.287787
0.318056 0.019426 0.236382 0.288273
0.320199 0.0196488 0.237347 0.28875
0.322341 0.0198729 0.238299 0.289222
0.324483 0.0200981 0.23924 0.28969
0.326625 0.0203246 0.240167 0.29015
0.328767 0.0205522 0.241083 0.290603
0.330909 0.0207812 0.241989 0.291049
0.33305 0.0210114 0.242881 0.291492
0.335192 0.0212429 0.243766 0.291926
0.337333 0.0214756 0.244634 0.292358
0.339474 0.0217098 0.245498 0.292783
0.341616 0.0219453 0.246347 0.293205
0.343756 0.0221821 0.247189 0.293619
0.345897 0.0224203 0.248022 0.294029
0.348038 0.0226598 0.248842 0.294436
0.350178 0.0229009 0.249656 0.294839
0.352319 0.0231434 0.25046 0.295238
0.354459 0.0233874 0.251255 0.29563
0.356599 0.023633 0.252044 0.296019
0.358738 0.0238801 0.252824 0.296404
0.360878 0.0241288 0.253596 0.296786
0.363017 0.024379 0.254362 0.297164
0.365157 0.0246307 0.255119 0.297539
0.367296 0.024884 0.255869 0.297911
0.369434 0.0251389 0.256612 0.298281
0.371573 0.0253956 0.257352 0.298645
0.373712 0.0256539 0.258081 0.299009
0.37585 0.0259139 0.258809 0.299365
0.377988 0.0261756 0.259527 0.299725
0.380126 0.0264393 0.260244 0.300078
0.382263 0.0267045 0.260949 0.300432
0.384401 0.0269717 0.261655 0.300782
0.386538 0.0272408 0.262354 0.301129
0.388675 0.0275115 0.263048 0.301476
0.390811 0.0277839 0.26374 0.301817
0.392948 0.0280582 0.264425 0.30216
0.395084 0.0283344 0.265108 0.302501
0.39722 0.0286126 0.265787 0.30284
0.399356 0.0288927 0.266461 0.303177
0.401491 0.029175 0.267133 0.303512
0.403626 0.0294593 0.267803 0.303847
0.405761 0.0297456 0.26847 0.304181
0.407896 0.0300341 0.269133 0.304514
0.41003 0.0303247 0.269795 0.304845
0.412164 0.0306175 0.270456 0.305175
0.414297 0.0309125 0.271113 0.305505
0.416431 0.0312097 0.27177 0.305833
0.418564 0.0315091 0.272423 0.306164
0.420697 0.0318107 0.273078 0.30649
0.422829 0.0321145 0.273728 0.306821
0.424961 0.0324207 0.27438 0.30715
0.427093 0.0327292 0.275031 0.307479
0.429224 0.0330401 0.275681 0.307807
0.431356 0.0333535 0.276333 0.308133
0.433486 0.0336693 0.276982 0.308462
0.435617 0.0339876 0.277633 0.308792
0.437747 0.0343084 0.278284 0.309121
0.439876 0.0346317 0.278934 0.309454
0.442005 0.0349576 0.279587 0.309784
0.444134 0.0352863 0.280241 0.310115
0.446262 0.0356175 0.280896 0.310448
0.44839 0.0359514 0.281553 0.310782
0.450518 0.0362881 0.28221 0.311117
0.452645 0.0366274 0.28287 0.311455
0.454772 0.0369695 0.283532 0.311793
0.456898 0.0373144 0.284199 0.312131
0.459024 0.037662 0.284864 0.312473
0.461149 0.0380125 0.285536 0.312815
0.463274 0.0383658 0.286207 0.313162
0.465398 0.038722 0.286886 0.313506
0.467522 0.0390812 0.287564 0.313857
0.469645 0.0394435 0.288249 0.314208
0.471768 0.0398089 0.288938 0.31456
0.47389 0.0401771 0.289629 0.314919
0.476012 0.0405485 0.290327 0.315277
0.478133 0.0409232 0.291028 0.315639
0.480254 0.0413011 0.291734 0.316005
0.482374 0.0416821 0.292448 0.316372
0.484493 0.0420664 0.293166 0.316742
0.486612 0.0424539 0.29389 0.317115
0.48873 0.0428448 0.29462 0.317491
0.490848 0.0432391 0.295357 0.317874
0.492965 0.0436368 0.2961 0.31826
0.495081 0.0440379 0.296849 0.31865
0.497197 0.0444424 0.297605 0.319043
0.499312 0.0448502 0.298369 0.319442
0.501426 0.0452616 0.299145 0.319843
0.50354 0.0456765 0.299924 0.320249
0.505652 0.0460949 0.300714 0.320659
0.507765 0.046517 0.30151 0.321077
0.509876 0.0469427 0.302318 0.321497
0.511987 0.0473722 0.303136 0.321923
0.514097 0.0478055 0.303961 0.322356
0.516206 0.0482424 0.304799 0.322792
0.518314 0.0486832 0.305645 0.323235
0.520422 0.0491279 0.306503 0.323685
0.522529 0.0495765 0.307373 0.324139
0.524635 0.0500289 0.308253 0.324602
0.52674 0.0504853 0.309146 0.325069
0.528844 0.0509457 0.310052 0.325543
0.530947 0.0514101 0.310969 0.326026
0.53305 0.0518785 0.311901 0.326514
0.535151 0.052351 0.312845 0.327009
0.537252 0.0528277 0.313803 0.327514
0.539351 0.0533086 0.314776 0.328025
0.54145 0.0537936 0.315765 0.328542
0.543548 0.054283 0.316767 0.329071
0.545644 0.0547764 0.317788 0.329606
0.54774 0.0552742 0.318821 0.330151
0.549835 0.0557764 0.319873 0.330703
0.551928 0.0562828 0.320939 0.331267
0.554021 0.0567936 0.322027 0.331837
0.556112 0.0573088 0.323134 0.332416
0.558203 0.0578284 0.324257 0.333007
0.560292 0.0583526 0.3254 0.333606
0.56238 0.0588812 0.326561 0.334214
0.564467 0.0594143 0.327743 0.334835
0.566553 0.0599518 0.328947 0.335467
0.568637 0.0604943 0.330172 0.336109
0.570721 0.0610412 0.331417 0.336762
0.572803 0.0615928 0.332686 0.337425
0.574884 0.0621491 0.333978 0.338101
0.576963 0.0627101 0.335293 0.33879
0.579042 0.0632759 0.336632 0.339486
0.581119 0.0638466 0.337998 0.340196
0.583194 0.0644223 0.339388 0.340922
0.585269 0.0650029 0.340806 0.341657
0.587342 0.0655883 0.342248 0.342404
0.589413 0.0661785 0.343719 0.343166
0.591483 0.0667738 0.345218 0.343941
0.593552 0.067374 0.346745 0.344727
0.595619 0.0679793 0.348304 0.345529
0.597685 0.0685898 0.34989 0.346345
0.599749 0.0692053 0.35151 0.347173
0.601812 0.0698259 0.35316 0.348016
0.603873 0.0704516 0.35484 0.348874
0.605932 0.0710822 0.356555 0.349744
0.60799 0.0717184 0.358304 0.350628
0.610047 0.0723598 0.360089 0.351529
0.612101 0.0730064 0.36191 0.352444
0.614154 0.0736582 0.363764 0.353373
0.616206 0.0743151 0.365655 0.354314
0.618255 0.0749775 0.367584 0.355272
0.620303 0.0756452 0.369551 0.356247
0.622349 0.0763183 0.371558 0.357234
0.624394 0.0769964 0.373607 0.358234
0.626436 0.0776804 0.375694 0.359251
0.628477 0.0783696 0.377825 0.360281
0.630516 0.0790645 0.379996 0.361325
0.632553 0.0797647 0.382212 0.362383
0.634588 0.0804704 0.38447 0.363456
0.636621 0.0811818 0.386774 0.364544
0.638652 0.0818986 0.389124 0.365642
0.640681 0.0826212 0.391518 0.366756
0.642708 0.0833494 0.39396 0.367882
0.644733 0.0840831 0.396451 0.369021
0.646757 0.0848225 0.398989 0.370172
0.648778 0.0855675 0.401577 0.371335
0.650796 0.0863183 0.404217 0.372507
0.652813 0.087075 0.406906 0.373692
0.654828 0.0878373 0.409647 0.374887
0.65684 0.0886054 0.412442 0.37609
0.65885 0.0893791 0.415285 0.377303
0.660858 0.0901587 0.418185 0.37852
0.662864 0.090944 0.421142 0.379752
0.664867 0.0917355 0.42415 0.380988
0.666869 0.0925325 0.427216 0.382228
0.668867 0.0933354 0.430335 0.383471
0.670864 0.0941443 0.43351 0.384723
0.672858 0.0949589 0.436742 0.385976
0.674849 0.0957795 0.440033 0.387229
0.676838 0.0966061 0.443384 0.388484
0.678825 0.0974387 0.446792 0.38974
0.680809 0.098277 0.450259 0.390992
0.682791 0.0991213 0.453784 0.392241
0.68477 0.0999716 0.457366 0.393488
0.686746 0.100828 0.461009 0.394728
0.68872 0.10169 0.464712 0.395961
0.690692 0.102559 0.468472 0.397185
0.69266 0.103433 0.472293 0.398399
0.694626 0.104313 0.476174 0.399602
0.696589 0.1052 0.480117 0.400792
0.69855 0.106092 0.484115 0.401967
0.700507 0.10699 0.488171 0.403123
0.702462 0.107894 0.492286 0.40426
0.704415 0.108804 0.496462 0.405382
0.706364 0.109721 0.500693 0.406483
0.70831 0.110643 0.50498 0.40756
0.710254 0.111572 0.509321 0.408609
0.712194 0.112506 0.513717 0.409631
0.714132 0.113447 0.51817 0.410629
0.716067 0.114393 0.522677 0.411596
0.717999 0.115346 0.527235 0.412529
0.719927 0.116305 0.531842 0.413428
0.721853 0.11727 0.5365 0.414292
0.723776 0.118241 0.541207 0.415118
0.725695 0.119219 0.545959 0.415906
0.727612 0.120202 0.550759 0.416653
0.729525 0.121191 0.555603 0.417358
0.731435 0.122186 0.560488 0.418019
0.733342 0.123188 0.565411 0.418636
0.735246 0.124195 0.570375 0.419206
0.737146 0.125209 0.575372 0.41973
0.739044 0.126229 0.580404 0.420204
0.740938 0.127254 0.58547 0.420629
0.742828 0.128286 0.590561 0.420998
0.744716 0.129324 0.595684 0.421314
0.7466 0.130368 0.600834 0.421581
0.748481 0.131418 0.606004 0.421793
0.750358 0.132474 0.611195 0.421948
0.752232 0.133536 0.616401 0.422044
0.754103 0.134603 0.621625 0.42209
0.75597 0.135677 0.62686 0.422079
0.757834 0.136757 0.632104 0.422009
0.759694 0.137843 0.637355 0.421881
0.761551 0.138935 0.642609 0.421698
0.763404 0.140032 0.647868 0.421458
0.765254 0.141136 0.65313 0.42116
0.7671 0.142245 0.658384 0.420806
0.768943 0.14336 0.663632 0.420395
0.770782 0.144482 0.66887 0.419931
0.772618 0.145609 0.674096 0.419411
0.77445 0.146742 0.679308 0.41884
0.776278 0.14788 0.684505 0.418212
0.778103 0.149024 0.689684 0.417534
0.779925 0.150174 0.69484 0.416806
0.781742 0.151331 0.699971 0.416027
0.783556 0.152493 0.705076 0.415201
0.785366 0.15366 0.71015 0.414326
0.787173 0.154833 0.715193 0.413406
0.788976 0.156011 0.720202 0.412443
0.790775 0.157195 0.725176 0.411435
0.792571 0.158385 0.730113 0.410386
0.794363 0.15958 0.735011 0.409303
0.796151 0.160781 0.739866 0.408182
0.797935 0.161987 0.744676 0.407024
0.799716 0.163199 0.749441 0.405834
0.801493 0.164416 0.754161 0.404616
0.803266 0.165639 0.758835 0.403368
0.805036 0.166867 0.763458 0.402094
0.806802 0.168101 0.768028 0.400793
0.808564 0.169339 0.772547 0.399469
0.810322 0.170583 0.77701 0.398125
0.812076 0.171833 0.781422 0.396764
0.813827 0.173088 0.785777 0.395385
0.815574 0.174348 0.790075 0.393992
0.817317 0.175613 0.794316 0.392587
0.819057 0.176884 0.798498 0.391173
0.820792 0.178159 0.802623 0.389751
0.822524 0.17944 0.806689 0.38832
0.824252 0.180726 0.810695 0.386885
0.825976 0.182017 0.814641 0.385449
0.827697 0.183313 0.818525 0.384011
0.829414 0.184614 0.822348 0.382575
0.831127 0.18592 0.826112 0.381141
0.832836 0.18723 0.829815 0.379712
0.834542 0.188546 0.833458 0.378287
0.836244 0.189865 0.837037 0.37687
0.837941 0.191191 0.840555 0.375463
0.839635 0.192522 0.844013 0.374065
0.841326 0.193857 0.84741 0.372679
0.843012 0.195197 0.850748 0.371306
0.844695 0.196542 0.854026 0.369948
0.846375 0.197891 0.857243 0.368603
0.84805 0.199244 0.860401 0.367275
0.849722 0.200602 0.863497 0.365962
0.85139 0.201965 0.866536 0.36467
0.853054 0.203332 0.869517 0.363396
0.854715 0.204704 0.872439 0.362141
0.856372 0.206081 0.875308 0.360905
0.858025 0.207462 0.878116 0.35969
0.859675 0.208847 0.880869 0.358497
0.861321 0.210236 0.883566 0.357323
0.862963 0.21163 0.886211 0.35617
0.864602 0.213028 0.888802 0.35504
0.866237 0.214431 0.891335 0.353937
0.867868 0.215837 0.893816 0.352852
0.869496 0.217248 0.896246 0.351794
0.87112 0.218663 0.898624 0.350759
0.872741 0.220082 0.900955 0.349749
0.874358 0.221504 0.903232 0.348754
0.875972 0.222931 0.905461 0.347784
0.877582 0.224362 0.907643 0.346837
0.879189 0.225797 0.909778 0.345917
0.880792 0.227236 0.911864 0.34502
0.882392 0.228678 0.913901 0.344144
0.883988 0.230124 0.915894 0.34329
0.885581 0.231574 0.917846 0.342457
0.887171 0.233027 0.919758 0.341647
0.888758 0.234484 0.921625 0.340853
0.890341 0.235945 0.923445 0.340086
0.891921 0.237409 0.925223 0.339338
0.893498 0.238876 0.926964 0.338614
0.895072 0.240347 0.928666 0.337909
0.896642 0.24182 0.930327 0.337219
0.89821 0.243298 0.931954 0.336546
0.899775 0.244778 0.933541 0.335899
0.901337 0.246261 0.935087 0.335272
0.902895 0.247748 0.9366 0.334654
0.904452 0.249237 0.938082 0.334055
0.906005 0.250729 0.939531 0.333477
0.907556 0.252224 0.940945 0.332915
0.909104 0.253721 0.942321 0.332365
0.91065 0.255221 0.943663 0.331838
0.912194 0.256724 0.944983 0.331327
0.913735 0.258228 0.946272 0.330824
0.915274 0.259735 0.947519 0.330336
0.916811 0.261244 0.94874 0.329863
0.918347 0.262755 0.949933 0.329402
0.91988 0.264267 0.951102 0.328955
0.921412 0.265781 0.952242 0.328525
0.922943 0.267297 0.953351 0.32811
0.924472 0.268814 0.954431 0.327708
0.926 0.270332 0.955489 0.327312
0.927527 0.271851 0.956525 0.326928
0.929054 0.27337 0.957529 0.326555
0.930581 0.274889 0.958504 0.32619
0.932107 0.276409 0.959455 0.325847
0.933634 0.277928 0.960383 0.32552
0.93516 0.279448 0.96128 0.325203
0.936688 0.280966 0.962149 0.324887
0.938217 0.282484 0.962996 0.324594
0.939747 0.284 0.963814 0.324319
0.94128 0.285513 0.964601 0.324057
0.942814 0.287024 0.965354 0.323811
0.944352 0.288532 0.966081 0.323586
0.945894 0.290036 0.966778 0.323378
0.94744 0.291536 0.967435 0.323191
0.94899 0.293032 0.968054 0.323035
0.950544 0.294523 0.968636 0.322904
0.952105 0.296008 0.969179 0.322804
0.953672 0.297486 0.96968 0.322735
0.955246 0.298956 0.970135 0.322692
0.956827 0.300419 0.970548 0.322696
0.958416 0.301873 0.970916 0.322727
0.960013 0.303318 0.971243 0.322793
0.961618 0.304754 0.971531 0.322905
0.963232 0.30618 0.971782 0.323045
0.964854 0.307597 0.971995 0.323213
0.966486 0.309003 0.972177 0.323409
0.968126 0.3104 0.972333 0.323643
0.969775 0.311786 0.97246 0.323875
0.971432 0.313162 0.972563 0.324137
0.973098 0.314527 0.972654 0.324421
0.974773 0.315882 0.972723 0.324728
0.976456 0.317226 0.972783 0.325026
0.978146 0.31856 0.972832 0.325342
0.979845 0.319885 0.972862 0.325679
0.981551 0.3212 0.972884 0.326013
0.983265 0.322505 0.972905 0.326353
0.984985 0.323801 0.972919 0.326697
0.986713 0.325088 0.972923 0.327049
0.988447 0.326366 0.988447 0.326366

