0 -0 0
0 0 0

0.000524853 -0.00208905 0
0.000459348 7.3634e-05 0.00300721

0.00106282 -0.00417476 0
0.000929666 0.000112075 0.00603989

0.00161388 -0.00625704 0
0.00141108 0.000114186 0.00909729

0.00217802 -0.00833583 0
0.00190372 7.88429e-05 0.0121786

0.0027552 -0.010411 0
0.00240771 4.9547e-06 0.0152829

0.00334542 -0.0124826 0
0.00292316 -0.000108553 0.0184094

0.00394863 -0.0145503 0
0.0034502 -0.000262704 0.021557

0.00456483 -0.0166143 0
0.00398894 -0.000458559 0.0247248

0.00519398 -0.0186743 0
0.0045395 -0.000697068 0.0279115

0.00583607 -0.0207304 0
0.00510199 -0.000979204 0.0311161

0.00649105 -0.0227823 0
0.0056765 -0.00130569 0.0343375

0.00715892 -0.0248302 0
0.00626316 -0.00167761 0.0375743

0.00783965 -0.0268738 0
0.00686204 -0.00209557 0.0408254

0.00853321 -0.028913 0
0.00747327 -0.00256051 0.0440891

0.00923955 -0.0309479 0
0.00809693 -0.00307294 0.0473644

0.00995867 -0.0329782 0
0.00873309 -0.00363345 0.0506499

0.0106905 -0.0350041 0
0.00938186 -0.00424273 0.0539439

0.0114351 -0.0370252 0
0.0100433 -0.00490139 0.0572449

0.0121924 -0.0390417 0
0.0107175 -0.00560928 0.0605519

0.0129623 -0.0410534 0
0.0114047 -0.00636809 0.0638618

0.0137448 -0.0430601 0
0.0121046 -0.00717591 0.0671759

0.01454 -0.045062 0
0.0128175 -0.00803516 0.0704895

0.0153477 -0.0470589 0
0.0135436 -0.00894502 0.0738022

0.0161679 -0.0490505 0
0.0142826 -0.00990509 0.0771133

0.0170006 -0.051037 0
0.0150349 -0.0109157 0.0804204

0.0178458 -0.0530182 0
0.0158003 -0.0119769 0.0837219

0.0187034 -0.0549941 0
0.016579 -0.0130888 0.0870151

0.0195735 -0.0569646 0
0.017371 -0.0142505 0.0902994

0.0204558 -0.0589295 0
0.0181763 -0.0154618 0.0935734

0.0213506 -0.0608889 0
0.0189949 -0.0167223 0.0968351

0.0222575 -0.0628425 0
0.0198269 -0.0180312 0.100083

0.0231768 -0.0647905 0
0.0206723 -0.0193883 0.103316

0.0241083 -0.0667327 0
0.0215311 -0.0207927 0.106531

0.025052 -0.0686689 0
0.0224034 -0.0222436 0.109728

0.0260078 -0.0705992 0
0.023289 -0.0237403 0.112904

0.0269757 -0.0725235 0
0.0241882 -0.0252816 0.116058

0.0279557 -0.0744416 0
0.0251007 -0.0268667 0.11919

0.0289477 -0.0763535 0
0.0260266 -0.0284943 0.122297

0.0299517 -0.0782591 0
0.026966 -0.0301637 0.125377

0.0309678 -0.0801585 0
0.0279186 -0.0318727 0.128433

0.0319956 -0.0820513 0
0.0288847 -0.0336214 0.131456

0.0330354 -0.0839378 0
0.029864 -0.0354072 0.134452

0.034087 -0.0858176 0
0.0308565 -0.0372293 0.137419

0.0351503 -0.0876907 0
0.0318624 -0.0390862 0.14035

0.0362255 -0.0895572 0
0.0328814 -0.0409763 0.143249

0.0373123 -0.0914169 0
0.0339134 -0.0428981 0.146116

0.0384108 -0.0932697 0
0.0349584 -0.04485 0.148948

0.0395209 -0.0951155 0
0.0360164 -0.0468302 0.151742

0.0406426 -0.0969543 0
0.0370872 -0.0488372 0.1545

0.0417759 -0.0987863 0
0.0381708 -0.0508694 0.157221

0.0429206 -0.100611 0
0.0392669 -0.0529251 0.159906

0.0440768 -0.102428 0
0.0403756 -0.0550024 0.162551

0.0452443 -0.104238 0
0.0414968 -0.0570993 0.165156

0.0464232 -0.106041 0
0.0426302 -0.0592143 0.167722

0.0476134 -0.107836 0
0.0437757 -0.0613456 0.170247

0.0488149 -0.109624 0
0.0449331 -0.0634916 0.172733

0.0500275 -0.111404 0
0.0461024 -0.0656506 0.175179

0.0512514 -0.113177 0
0.0472833 -0.0678202 0.177583

0.0524863 -0.114941 0
0.0484755 -0.0700002 0.17995

0.0537324 -0.116699 0
0.0496791 -0.0721855 0.182269

0.0549893 -0.118448 0
0.0508937 -0.0743784 0.184552

0.0562574 -0.120189 0
0.0521191 -0.0765745 0.186792

0.0575363 -0.121922 0
0.053355 -0.0787726 0.18899

0.058826 -0.123647 0
0.0546013 -0.0809724 0.19115

0.0601267 -0.125364 0
0.0558577 -0.0831712 0.193268

0.0614381 -0.127073 0
0.0571239 -0.0853663 0.195344

0.06276 -0.128773 0
0.0583997 -0.0875581 0.197381

0.0640927 -0.130466 0
0.0596847 -0.0897446 0.199379

0.065436 -0.132149 0
0.0609786 -0.0919235 0.201336

0.06679 -0.133825 0
0.0622812 -0.0940929 0.203253

0.0681543 -0.135491 0
0.063592 -0.0962533 0.205132

0.0695291 -0.13715 0
0.0649108 -0.0984018 0.206972

0.0709144 -0.138799 0
0.0662374 -0.100538 0.208775

0.0723099 -0.14044 0
0.0675711 -0.10266 0.210539

0.0737157 -0.142072 0
0.0689117 -0.104766 0.212266

0.0751318 -0.143695 0
0.0702589 -0.106856 0.213958

0.0765579 -0.145309 0
0.0716123 -0.108928 0.215611

0.0779944 -0.146914 0
0.0729715 -0.110984 0.217233

0.0794408 -0.14851 0
0.0743359 -0.113015 0.218815

0.0808972 -0.150097 0
0.0757054 -0.115031 0.220367

0.0823634 -0.151675 0
0.0770792 -0.117021 0.221881

0.0838397 -0.153244 0
0.0784573 -0.11899 0.223365

0.0853257 -0.154803 0
0.0798391 -0.120938 0.224817

0.0868215 -0.156353 0
0.0812241 -0.122858 0.226234

0.0883271 -0.157893 0
0.0826119 -0.124756 0.227621

0.0898423 -0.159424 0
0.0840022 -0.126628 0.228979

0.091367 -0.160945 0
0.0853942 -0.128473 0.230305

0.0929014 -0.162457 0
0.0867876 -0.130291 0.231601

0.0944451 -0.163959 0
0.0881822 -0.132083 0.232869

0.0959983 -0.165452 0
0.0895776 -0.133848 0.23411

0.0975607 -0.166934 0
0.0909729 -0.135584 0.235322

0.0991326 -0.168407 0
0.0923678 -0.137291 0.236507

0.100714 -0.16987 0
0.0937622 -0.13897 0.237667

0.102304 -0.171323 0
0.0951555 -0.14062 0.238801

0.103903 -0.172766 0
0.0965471 -0.142241 0.239909

0.105511 -0.174199 0
0.0979362 -0.14383 0.240991

0.107129 -0.175621 0
0.0993232 -0.145395 0.242052

0.108755 -0.177034 0
0.100707 -0.146922 0.243086

0.11039 -0.178436 0
0.102088 -0.148429 0.244102

0.112034 -0.179828 0
0.103465 -0.149896 0.245091

0.113686 -0.181209 0
0.104838 -0.15134 0.24606

0.115348 -0.182581 0
0.106206 -0.152753 0.247008

0.117017 -0.183941 0
0.107569 -0.154133 0.247934

0.118695 -0.185291 0
0.108928 -0.155488 0.248842

0.120382 -0.186631 0
0.11028 -0.156811 0.249729

0.122077 -0.18796 0
0.111626 -0.158103 0.250596

0.123781 -0.189278 0
0.112966 -0.159368 0.251445

0.125492 -0.190586 0
0.1143 -0.160605 0.252276

0.127212 -0.191883 0
0.115626 -0.161811 0.253088

0.12894 -0.193169 0
0.116945 -0.162989 0.253884

0.130676 -0.194444 0
0.118257 -0.16414 0.254663

0.13242 -0.195708 0
0.119561 -0.165262 0.255425

0.134172 -0.196961 0
0.120856 -0.166355 0.25617

0.135932 -0.198203 0
0.122143 -0.167423 0.2569

0.137699 -0.199434 0
0.123422 -0.168462 0.257615

0.139475 -0.200655 0
0.124692 -0.169479 0.258316

0.141257 -0.201863 0
0.125952 -0.170461 0.259001

0.143048 -0.203061 0
0.127204 -0.171428 0.259673

0.144846 -0.204247 0
0.128446 -0.172358 0.26033

0.146651 -0.205422 0
0.129679 -0.173272 0.260975

0.148464 -0.206585 0
0.130902 -0.174158 0.261606

0.150284 -0.207738 0
0.132114 -0.175019 0.262223

0.152111 -0.208878 0
0.133317 -0.17586 0.26283

0.153945 -0.210007 0
0.13451 -0.176673 0.263423

0.155786 -0.211125 0
0.135692 -0.177465 0.264006

0.157635 -0.212231 0
0.136865 -0.178236 0.264577

0.15949 -0.213325 0
0.138027 -0.178983 0.265136

0.161352 -0.214408 0
0.139178 -0.179708 0.265684

0.163221 -0.215479 0
0.140319 -0.180414 0.266223

0.165096 -0.216539 0
0.14145 -0.1811 0.266751

0.166978 -0.217586 0
0.142569 -0.181762 0.267268

0.168867 -0.218622 0
0.143679 -0.182406 0.267776

0.170762 -0.219645 0
0.144778 -0.183033 0.268274

0.172664 -0.220657 0
0.145866 -0.183638 0.268764

0.174572 -0.221657 0
0.146944 -0.184227 0.269242

0.176486 -0.222645 0
0.14801 -0.184793 0.269714

0.178406 -0.22362 0
0.149069 -0.18535 0.270177

0.180332 -0.224584 0
0.150114 -0.185879 0.270633

0.182265 -0.225536 0
0.151151 -0.186401 0.271078

0.184203 -0.226475 0
0.152176 -0.1869 0.271516

0.186147 -0.227402 0
0.153191 -0.187387 0.271946

0.188097 -0.228317 0
0.154198 -0.18786 0.27237

0.190053 -0.22922 0
0.155192 -0.188313 0.272785

0.192014 -0.23011 0
0.156178 -0.188754 0.273193

0.193981 -0.230989 0
0.157154 -0.189181 0.273596

0.195954 -0.231854 0
0.158119 -0.189591 0.273991

0.197931 -0.232707 0
0.159076 -0.18999 0.27438

0.199914 -0.233548 0
0.160023 -0.190377 0.274762

0.201903 -0.234377 0
0.16096 -0.190749 0.275137

0.203896 -0.235192 0
0.161889 -0.191108 0.275507

0.205895 -0.235996 0
0.162808 -0.191456 0.275873

0.207898 -0.236787 0
0.163719 -0.191792 0.276232

0.209907 -0.237565 0
0.16462 -0.192114 0.276585

0.21192 -0.23833 0
0.165513 -0.192429 0.276931

0.213938 -0.239083 0
0.166397 -0.192729 0.277275

0.215961 -0.239823 0
0.167275 -0.193024 0.27761

0.217988 -0.24055 0
0.168141 -0.193301 0.277944

0.220021 -0.241265 0
0.169003 -0.193575 0.278271

0.222057 -0.241967 0
0.169854 -0.193834 0.278596

0.224098 -0.242656 0
0.170699 -0.194086 0.278914

0.226143 -0.243332 0
0.171537 -0.194329 0.279227

0.228192 -0.243996 0
0.172365 -0.19456 0.279538

0.230246 -0.244646 0
0.173189 -0.194786 0.279845

0.232303 -0.245283 0
0.174004 -0.195001 0.280149

0.234364 -0.245908 0
0.174813 -0.195207 0.280446

0.23643 -0.24652 0
0.175616 -0.195408 0.28074

0.238499 -0.247118 0
0.176412 -0.1956 0.28103

0.240572 -0.247704 0
0.177202 -0.195783 0.281318

0.242648 -0.248277 0
0.177986 -0.19596 0.281602

0.244728 -0.248836 0
0.178764 -0.196129 0.281883

0.246812 -0.249383 0
0.179536 -0.196288 0.282161

0.248899 -0.249916 0
0.180303 -0.196443 0.282437

0.250989 -0.250436 0
0.181065 -0.196594 0.282708

0.253082 -0.250943 0
0.181821 -0.196733 0.282977

0.255179 -0.251438 0
0.182574 -0.196868 0.28324

0.257278 -0.251918 0
0.183319 -0.196996 0.283506

0.259381 -0.252386 0
0.184063 -0.197121 0.283766

0.261487 -0.25284 0
0.1848 -0.197234 0.284026

0.263594 -0.253281 0
0.185534 -0.197345 0.284282

0.265706 -0.253709 0
0.186264 -0.19745 0.284536

0.26782 -0.254124 0
0.18699 -0.197548 0.284788

0.269936 -0.254525 0
0.187714 -0.197642 0.285036

0.272055 -0.254913 0
0.188432 -0.197728 0.285284

0.274176 -0.255287 0
0.189148 -0.197811 0.285531

0.276299 -0.255649 0
0.189862 -0.19789 0.285776

0.278425 -0.255997 0
0.190572 -0.19796 0.286018

0.280553 -0.256331 0
0.191279 -0.198026 0.286258

0.282683 -0.256653 0
0.191985 -0.198089 0.286497

0.284814 -0.25696 0
0.192688 -0.198146 0.286736

0.286948 -0.257255 0
0.193389 -0.198198 0.286973

0.289084 -0.257536 0
0.194088 -0.198245 0.287206

0.291221 -0.257804 0
0.194787 -0.198288 0.287439

0.29336 -0.258058 0
0.195482 -0.198325 0.287671

0.2955 -0.258298 0
0.196178 -0.19836 0.287901

0.297643 -0.258526 0
0.196871 -0.198389 0.288134

0.299786 -0.25874 0
0.197565 -0.198412 0.28836

0.30193 -0.25894 0
0.198256 -0.198429 0.288592

0.304076 -0.259127 0
0.198949 -0.198446 0.288819

0.306223 -0.2593 0
0.19964 -0.198457 0.289048

0.308371 -0.25946 0
0.200331 -0.198462 0.289273

0.31052 -0.259606 0
0.201024 -0.198464 0.289496

0.31267 -0.259739 0
0.201715 -0.19846 0.289722

0.314821 -0.259859 0
0.202408 -0.198454 0.289947

0.316972 -0.259965 0
0.203102 -0.198443 0.29017

0.319124 -0.260057 0
0.203795 -0.198425 0.290397

0.321276 -0.260136 0
0.204491 -0.198406 0.29062

0.323429 -0.260201 0
0.205188 -0.198382 0.290842

0.325583 -0.260253 0
0.205886 -0.198349 0.291064

0.327736 -0.260291 0
0.206587 -0.198315 0.291287

0.329891 -0.260316 0
0.207288 -0.198279 0.291511

0.332044 -0.260327 0
0.207993 -0.198235 0.291736

0.334198 -0.260324 0
0.208699 -0.198187 0.291959

0.336352 -0.260308 0
0.20941 -0.198134 0.29218

0.338506 -0.260279 0
0.21012 -0.198076 0.292405

0.34066 -0.260236 0
0.210837 -0.198014 0.292628

0.342813 -0.26018 0
0.211554 -0.19795 0.292855

0.344965 -0.260109 0
0.212277 -0.197877 0.293077

0.347118 -0.260026 0
0.213002 -0.197798 0.293304

0.34927 -0.259929 0
0.213732 -0.197717 0.293529

0.351421 -0.259818 0
0.214467 -0.197632 0.293754

0.353571 -0.259694 0
0.215204 -0.197539 0.293983

0.355721 -0.259557 0
0.215948 -0.19744 0.29421

0.35787 -0.259406 0
0.216695 -0.197337 0.294439

0.360018 -0.259241 0
0.217448 -0.19723 0.294669

0.362164 -0.259063 0
0.218207 -0.197117 0.294899

0.364309 -0.258871 0
0.218971 -0.196996 0.295129

0.366453 -0.258666 0
0.219742 -0.196869 0.29536

0.368597 -0.258448 0
0.220518 -0.196739 0.295591

0.370737 -0.258215 0
0.221301 -0.196601 0.295826

0.372878 -0.25797 0
0.22209 -0.196454 0.296062

0.375016 -0.257711 0
0.222886 -0.196306 0.2963

0.377153 -0.257439 0
0.22369 -0.19615 0.296538

0.379288 -0.257153 0
0.2245 -0.195985 0.296779

0.381421 -0.256854 0
0.22532 -0.19581 0.297016

0.383552 -0.256541 0
0.226146 -0.195635 0.297259

0.385681 -0.256215 0
0.226981 -0.195447 0.297501

0.387808 -0.255876 0
0.227824 -0.195257 0.297749

0.389934 -0.255524 0
0.228677 -0.195056 0.297994

0.392055 -0.255157 0
0.229539 -0.194845 0.298241

0.394176 -0.254778 0
0.23041 -0.194627 0.298492

0.396294 -0.254386 0
0.231291 -0.194403 0.298742

0.398409 -0.25398 0
0.232182 -0.194171 0.298996

0.400522 -0.25356 0
0.233083 -0.193926 0.299251

0.402632 -0.253128 0
0.233996 -0.193673 0.299506

0.404739 -0.252682 0
0.234919 -0.193412 0.299766

0.406844 -0.252223 0
0.235854 -0.193142 0.300025

0.408946 -0.251751 0
0.236801 -0.19286 0.300286

0.411045 -0.251266 0
0.237759 -0.192567 0.300551

0.413139 -0.250767 0
0.23873 -0.192264 0.300816

0.415232 -0.250255 0
0.239713 -0.191954 0.301084

0.417321 -0.249731 0
0.24071 -0.191627 0.301354

0.419407 -0.249193 0
0.24172 -0.191292 0.301626

0.421489 -0.248642 0
0.242744 -0.190944 0.301897

0.423568 -0.248078 0
0.243782 -0.190584 0.302174

0.425643 -0.2475 0
0.244835 -0.190208 0.30245

0.427714 -0.24691 0
0.245901 -0.189824 0.302731

0.429782 -0.246307 0
0.246984 -0.189425 0.303013

0.431846 -0.245691 0
0.248081 -0.189014 0.303299

0.433906 -0.245061 0
0.249196 -0.188587 0.303583

0.435962 -0.244419 0
0.250327 -0.188141 0.303867

0.438015 -0.243765 0
0.251474 -0.187682 0.304156

0.440062 -0.243097 0
0.252638 -0.187209 0.304447

0.442106 -0.242416 0
0.25382 -0.186723 0.304738

0.444145 -0.241722 0
0.25502 -0.186219 0.305034

0.44618 -0.241016 0
0.256238 -0.185693 0.305331

0.44821 -0.240297 0
0.257474 -0.185152 0.305628

0.450236 -0.239565 0
0.25873 -0.184595 0.305928

0.452257 -0.23882 0
0.260005 -0.184019 0.306228

0.454273 -0.238063 0
0.261301 -0.183423 0.306531

0.456285 -0.237293 0
0.262616 -0.182804 0.306835

0.458292 -0.236511 0
0.263953 -0.182172 0.307138

0.460293 -0.235715 0
0.26531 -0.181514 0.307442

0.46229 -0.234908 0
0.266689 -0.180836 0.30775

0.464283 -0.234088 0
0.26809 -0.180136 0.308054

0.466269 -0.233255 0
0.269514 -0.179417 0.308361

0.46825 -0.23241 0
0.27096 -0.178669 0.308669

0.470226 -0.231552 0
0.27243 -0.1779 0.308976

0.472197 -0.230682 0
0.273923 -0.177109 0.309283

0.474161 -0.229799 0
0.275441 -0.17629 0.309589

0.476121 -0.228905 0
0.276982 -0.175446 0.309897

0.478074 -0.227998 0
0.278549 -0.174576 0.310201

0.480022 -0.227078 0
0.280141 -0.173679 0.310506

0.481965 -0.226147 0
0.281758 -0.172755 0.31081

0.483901 -0.225204 0
0.283402 -0.171806 0.311111

0.485831 -0.224248 0
0.285073 -0.170827 0.31141

0.487755 -0.22328 0
0.286771 -0.169812 0.311705

0.489673 -0.2223 0
0.288496 -0.168769 0.311998

0.491586 -0.221308 0
0.290248 -0.167699 0.31229

0.493491 -0.220304 0
0.292029 -0.1666 0.312576

0.495391 -0.219288 0
0.293838 -0.165468 0.31286

0.497283 -0.21826 0
0.295676 -0.164298 0.313139

0.499169 -0.21722 0
0.297544 -0.163099 0.313413

0.50105 -0.216168 0
0.299441 -0.161866 0.313678

0.502923 -0.215105 0
0.301369 -0.160599 0.31394

0.504789 -0.21403 0
0.303326 -0.159293 0.314193

0.506649 -0.212943 0
0.305316 -0.157955 0.31444

0.508501 -0.211845 0
0.307336 -0.156581 0.314678

0.510348 -0.210735 0
0.309387 -0.15517 0.314908

0.512186 -0.209613 0
0.311471 -0.15372 0.31513

0.514018 -0.20848 0
0.313586 -0.152235 0.315339

0.515842 -0.207335 0
0.315734 -0.150711 0.31554

0.51766 -0.206179 0
0.317915 -0.149148 0.315728

0.519471 -0.205011 0
0.32013 -0.147544 0.315902

0.521273 -0.203832 0
0.322377 -0.145904 0.316066

0.523068 -0.202642 0
0.324658 -0.144223 0.316215

0.524856 -0.20144 0
0.326973 -0.142502 0.316345

0.526636 -0.200228 0
0.329323 -0.140738 0.316462

0.528409 -0.199004 0
0.331707 -0.138933 0.316561

0.530173 -0.197769 0
0.334126 -0.13709 0.316642

0.53193 -0.196523 0
0.336579 -0.135208 0.316705

0.533679 -0.195266 0
0.339068 -0.133288 0.316746

0.535421 -0.193998 0
0.341592 -0.131312 0.316765

0.537154 -0.192719 0
0.344152 -0.129303 0.316765

0.538879 -0.191429 0
0.346746 -0.127251 0.316738

0.540596 -0.190129 0
0.349377 -0.125165 0.316688

0.542305 -0.188817 0
0.352042 -0.123032 0.316615

0.544006 -0.187495 0
0.354744 -0.120859 0.316514

0.545698 -0.186163 0
0.357482 -0.118646 0.316383

0.547381 -0.184819 0
0.360256 -0.11639 0.316221

0.549057 -0.183466 0
0.363066 -0.114094 0.316029

0.550723 -0.182101 0
0.365911 -0.11176 0.315804

0.552381 -0.180726 0
0.368793 -0.109386 0.315546

0.554031 -0.179341 0
0.371709 -0.106975 0.315256

0.555672 -0.177945 0
0.374661 -0.104526 0.314927

0.557303 -0.17654 0
0.377648 -0.102039 0.314561

0.558927 -0.175124 0
0.380671 -0.0995162 0.314157

0.560541 -0.173697 0
0.383727 -0.0969587 0.313712

0.562146 -0.172261 0
0.38682 -0.0943658 0.313224

0.563742 -0.170814 0
0.389945 -0.0917359 0.312693

0.56533 -0.169358 0
0.393105 -0.0890757 0.312118

0.566907 -0.167892 0
0.396296 -0.0863859 0.311497

0.568475 -0.166416 0
0.399523 -0.0836682 0.310829

0.570035 -0.16493 0
0.40278 -0.0809128 0.310112

0.571585 -0.163434 0
0.40607 -0.0781328 0.309349

0.573125 -0.161928 0
0.409389 -0.075328 0.308535

0.574656 -0.160413 0
0.41274 -0.0725028 0.307668

0.576177 -0.158888 0
0.41612 -0.069653 0.306748

0.577689 -0.157354 0
0.419527 -0.0667737 0.305775

0.579191 -0.15581 0
0.422964 -0.0638761 0.304747

0.580685 -0.154257 0
0.426427 -0.0609617 0.30366

0.582166 -0.152695 0
0.429916 -0.0580323 0.302517

0.583639 -0.151123 0
0.433429 -0.0550875 0.301317

0.585102 -0.149542 0
0.436966 -0.0521294 0.300055

0.586555 -0.147952 0
0.440525 -0.0491608 0.298737

0.587998 -0.146352 0
0.444105 -0.0461797 0.297356

0.589431 -0.144744 0
0.447705 -0.0431887 0.295912

0.590853 -0.143127 0
0.451324 -0.0401959 0.294409

0.592266 -0.141501 0
0.454958 -0.0371991 0.292845

0.593668 -0.139865 0
0.45861 -0.0341991 0.291218

0.595061 -0.138222 0
0.462273 -0.0312005 0.289529

0.596441 -0.136569 0
0.465951 -0.0282051 0.28778

0.597812 -0.134908 0
0.469636 -0.0252095 0.285966

0.599174 -0.133238 0
0.473333 -0.0222266 0.284088

0.600524 -0.13156 0
0.477035 -0.0192459 0.282143

0.601863 -0.129873 0
0.480743 -0.0162736 0.280138

0.603193 -0.128178 0
0.484453 -0.0133151 0.278073

0.60451 -0.126475 0
0.488164 -0.0103728 0.275945

0.605818 -0.124763 0
0.491877 -0.00744894 0.273755

0.607114 -0.123043 0
0.495584 -0.00453384 0.271506

0.608401 -0.121315 0
0.499289 -0.0016382 0.269198

0.609675 -0.119579 0
0.502986 0.00123381 0.26683

0.61094 -0.117835 0
0.506674 0.00408203 0.264404

0.612194 -0.116083 0
0.510352 0.00690679 0.261923

0.613435 -0.114324 0
0.514016 0.00970863 0.259385

0.614666 -0.112556 0
0.517664 0.0124873 0.256789

0.615886 -0.110781 0
0.521298 0.0152355 0.254142

0.617094 -0.108998 0
0.52491 0.0179537 0.251444

0.618293 -0.107208 0
0.528502 0.0206418 0.248697

0.619479 -0.10541 0
0.53207 0.0232965 0.245903

0.620654 -0.103604 0
0.535615 0.025922 0.243065

0.621817 -0.101792 0
0.53913 0.0285138 0.240177

0.622969 -0.0999717 0
0.542618 0.031073 0.237248

0.624111 -0.0981447 0
0.546072 0.0335977 0.234276

0.625239 -0.0963103 0
0.549496 0.0360834 0.231269

0.626356 -0.0944689 0
0.552884 0.0385344 0.228225

0.627463 -0.0926208 0
0.556234 0.0409479 0.225144

0.628557 -0.0907655 0
0.559546 0.0433242 0.222034

0.629641 -0.0889035 0
0.562817 0.0456634 0.218891

0.630711 -0.0870346 0
0.566048 0.0479621 0.215722

0.631771 -0.0851591 0
0.569233 0.0502239 0.212523

0.632817 -0.0832769 0
0.572373 0.052452 0.209304

0.633854 -0.0813883 0
0.575469 0.0546387 0.206065

0.634878 -0.0794932 0
0.578516 0.0567854 0.202808

0.635889 -0.0775916 0
0.581516 0.0588929 0.199537

0.636888 -0.0756837 0
0.584467 0.060967 0.196251

0.637877 -0.0737697 0
0.587364 0.0630046 0.192952

0.638852 -0.0718493 0
0.590213 0.065002 0.189647

0.639816 -0.069923 0
0.593007 0.0669617 0.186335

0.640767 -0.0679905 0
0.595746 0.0688836 0.183018

0.641707 -0.0660522 0
0.598431 0.0707692 0.1797

0.642634 -0.064108 0
0.601063 0.0726205 0.176382

0.643549 -0.0621581 0
0.603635 0.0744365 0.173065

0.644452 -0.0602024 0
0.606155 0.0762156 0.169756

0.645342 -0.058241 0
0.608617 0.0779612 0.166454

0.64622 -0.0562741 0
0.611024 0.0796727 0.163163

0.647087 -0.0543019 0
0.613376 0.0813513 0.159884

0.647939 -0.052324 0
0.615667 0.0829962 0.156616

0.64878 -0.050341 0
0.617902 0.0846098 0.153364

0.649608 -0.0483526 0
0.620079 0.0861924 0.150129

0.650424 -0.0463592 0
0.622199 0.0877426 0.146915

0.651227 -0.0443606 0
0.624263 0.089262 0.143723

0.652018 -0.042357 0
0.62627 0.0907533 0.140553

0.652796 -0.0403485 0
0.628223 0.0922162 0.137408

0.653561 -0.0383351 0
0.630121 0.0936496 0.13429

0.654314 -0.036317 0
0.631961 0.0950541 0.131199

0.655056 -0.0342942 0
0.633748 0.0964331 0.128138

0.655782 -0.0322667 0
0.635477 0.0977851 0.125105

0.656497 -0.0302348 0
0.637155 0.0991104 0.122107

0.657198 -0.0281983 0
0.638781 0.100411 0.119142

0.657888 -0.0261576 0
0.640359 0.101687 0.116213

0.658564 -0.0241125 0
0.64188 0.102938 0.113317

0.659227 -0.0220632 0
0.643352 0.104166 0.110458

0.659878 -0.0200098 0
0.644771 0.10537 0.107636

0.660515 -0.0179523 0
0.646144 0.106552 0.104854

0.66114 -0.0158909 0
0.64747 0.107713 0.102111

0.661752 -0.0138256 0
0.648748 0.108851 0.0994069

0.662349 -0.0117565 0
0.649983 0.109969 0.0967428

0.662936 -0.00968369 0
0.651168 0.111064 0.0941203

0.663508 -0.00760722 0
0.652312 0.112139 0.0915402

0.664069 -0.0055272 0
0.653412 0.113194 0.0890002

0.664614 -0.0034437 0
0.654474 0.114229 0.0865013

0.665148 -0.00135681 0
0.655497 0.115246 0.084046

0.665668 0.000733388 0
0.656474 0.116244 0.0816371

0.666175 0.00282681 0
0.657411 0.117222 0.0792673

0.666669 0.00492338 0
0.658313 0.118184 0.0769432

0.66715 0.00702303 0
0.659177 0.119129 0.0746633

0.667617 0.00912562 0
0.660011 0.120058 0.072427

0.668072 0.0112312 0
0.660805 0.120965 0.0702288

0.668513 0.0133395 0
0.661569 0.121854 0.068075

0.668941 0.0154505 0
0.662301 0.122728 0.0659635

0.669355 0.0175642 0
0.663005 0.123589 0.0638975

0.669756 0.0196805 0
0.663671 0.124433 0.0618745

0.670145 0.0217992 0
0.664309 0.125259 0.059894

0.670519 0.0239204 0
0.664919 0.126069 0.0579557

0.67088 0.0260438 0
0.665503 0.126865 0.056056

0.671229 0.0281695 0
0.666068 0.127649 0.0541976

0.671562 0.0302973 0
0.666604 0.128413 0.0523769

0.671885 0.0324272 0
0.667111 0.129164 0.0506023

0.672192 0.0345591 0
0.667594 0.129898 0.0488664

0.672486 0.0366928 0
0.668056 0.130623 0.0471711

0.672767 0.0388283 0
0.668499 0.131334 0.0455144

0.673036 0.0409657 0
0.66892 0.132026 0.043892

0.67329 0.0431046 0
0.669324 0.132706 0.042305

0.67353 0.045245 0
0.669706 0.133376 0.040762

0.673757 0.047387 0
0.670065 0.134031 0.0392582

0.673972 0.0495304 0
0.670411 0.134668 0.037782

0.674171 0.0516749 0
0.67074 0.135296 0.0363411

0.674359 0.0538209 0
0.671059 0.135916 0.0349373

0.674532 0.0559678 0
0.671356 0.136522 0.0335674

0.674692 0.0581158 0
0.671638 0.13711 0.0322293

0.674838 0.0602648 0
0.671901 0.13769 0.0309306

0.674972 0.0624147 0
0.672161 0.138265 0.0296602

0.67509 0.0645653 0
0.672407 0.138823 0.0284158

0.675196 0.0667167 0
0.672632 0.139363 0.0272084

0.675288 0.0688687 0
0.672849 0.139894 0.0260293

0.675368 0.0710213 0
0.673054 0.140413 0.0248784

0.675432 0.0731742 0
0.673254 0.140926 0.0237542

0.675485 0.0753276 0
0.673441 0.14143 0.0226607

0.675522 0.0774812 0
0.673615 0.141923 0.0215984

0.675547 0.079635 0
0.67378 0.142406 0.0205626

0.675559 0.081789 0
0.673938 0.142876 0.0195469

0.675557 0.083943 0
0.674094 0.14334 0.0185533

0.67554 0.0860969 0
0.674237 0.14379 0.0175873

0.675511 0.0882506 0
0.674368 0.144225 0.0166439

0.675468 0.0904041 0
0.674495 0.144659 0.0157299

0.675412 0.0925575 0
0.674617 0.14509 0.0148394

0.67534 0.0947101 0
0.67473 0.145506 0.0139715

0.675258 0.0968626 0
0.674834 0.145905 0.0131166

0.67516 0.0990143 0
0.674942 0.146304 0.012284

0.67505 0.101165 0
0.675038 0.146697 0.0114773

0.674926 0.103316 0
0.675129 0.147079 0.01069

0.674789 0.105466 0
0.675208 0.147449 0.00992574

0.674637 0.107614 0
0.675291 0.147817 0.00917597

0.674472 0.109762 0
0.675374 0.148179 0.00843654

0.674295 0.111908 0
0.675444 0.148526 0.00772275

0.674104 0.114054 0
0.675509 0.148871 0.0070308

0.673897 0.116198 0
0.675573 0.149208 0.00635146

0.67368 0.118341 0
0.675635 0.14954 0.00568718

0.673447 0.120482 0
0.675697 0.149866 0.00503391

0.673202 0.122622 0
0.675746 0.150177 0.00440251

0.672943 0.124761 0
0.675797 0.150491 0.00378895

0.672671 0.126897 0
0.675842 0.150792 0.00318708

0.672385 0.129032 0
0.675887 0.151087 0.00258936

0.672086 0.131165 0
0.675935 0.151385 0.00200906

0.671773 0.133297 0
0.675973 0.151676 0.00144886

0.671448 0.135426 0
0.676009 0.151955 0.000901067

0.671107 0.137553 0
0.676043 0.15223 0.000360438

0.670756 0.139678 0
0.676083 0.15251 -0.000166123

0.670389 0.1418 0
0.676106 0.152765 -0.000681939

0.67001 0.143921 0
0.676134 0.15302 -0.00118963

0.669617 0.146038 0
0.676162 0.15328 -0.00167568

0.669212 0.148154 0
0.676195 0.153538 -0.00216527

0.668792 0.150267 0
0.676212 0.153779 -0.00263189

0.66836 0.152377 0
0.676232 0.154022 -0.00309119

0.667914 0.154484 0
0.676258 0.154264 -0.00355646

0.667455 0.156589 0
0.676278 0.154495 -0.00400661

0.666982 0.15869 0
0.676294 0.154726 -0.00443755

0.666498 0.160789 0
0.67631 0.154953 -0.00486275

0.665999 0.162884 0
0.676328 0.155176 -0.00528328

0.665487 0.164977 0
0.676342 0.155393 -0.00570067


0 0 0
0 0 0

0.000459348 7.3634e-05 0.00300721
6.42556e-05 0.00373031 0.00126278

0.000929666 0.000112075 0.00603989
0.000141187 0.00751622 0.00260153

0.00141108 0.000114186 0.00909729
0.000232044 0.0113557 0.00401857

0.00190372 7.88429e-05 0.0121786
0.000338142 0.0152467 0.00551616

0.00240771 4.9547e-06 0.0152829
0.000460838 0.0191868 0.00709645

0.00292316 -0.000108553 0.0184094
0.000601554 0.0231736 0.00876153

0.0034502 -0.000262704 0.021557
0.000761737 0.0272044 0.0105133

0.00398894 -0.000458559 0.0247248
0.000942969 0.0312764 0.0123538

0.0045395 -0.000697068 0.0279115
0.00114678 0.0353865 0.0142846

0.00510199 -0.000979204 0.0311161
0.00137484 0.0395315 0.0163075

0.0056765 -0.00130569 0.0343375
0.00162856 0.0437086 0.0184235

0.00626316 -0.00167761 0.0375743
0.00190993 0.0479137 0.0206342

0.00686204 -0.00209557 0.0408254
0.0022204 0.0521436 0.0229406

0.00747327 -0.00256051 0.0440891
0.00256199 0.0563942 0.0253438

0.00809693 -0.00307294 0.0473644
0.00293618 0.060662 0.0278441

0.00873309 -0.00363345 0.0506499
0.00334464 0.0649432 0.0304421

0.00938186 -0.00424273 0.0539439
0.00378934 0.0692334 0.0331382

0.0100433 -0.00490139 0.0572449
0.00427224 0.073528 0.0359326

0.0107175 -0.00560928 0.0605519
0.00479402 0.0778247 0.0388242

0.0114047 -0.00636809 0.0638618
0.00535887 0.0821144 0.0418145

0.0121046 -0.00717591 0.0671759
0.00596433 0.0864011 0.0448997

0.0128175 -0.00803516 0.0704895
0.00661631 0.0906716 0.048082

0.0135436 -0.00894502 0.0738022
0.00731462 0.0949252 0.0513587

0.0142826 -0.00990509 0.0771133
0.00805979 0.0991596 0.0547279

0.0150349 -0.0109157 0.0804204
0.00885409 0.103369 0.0581885

0.0158003 -0.0119769 0.0837219
0.00969903 0.107548 0.0617384

0.016579 -0.0130888 0.0870151
0.0105972 0.111691 0.0653757

0.017371 -0.0142505 0.0902994
0.0115483 0.115795 0.0690974

0.0181763 -0.0154618 0.0935734
0.0125534 0.119858 0.0729007

0.0189949 -0.0167223 0.0968351
0.0136138 0.123873 0.0767829

0.0198269 -0.0180312 0.100083
0.0147302 0.127839 0.0807406

0.0206723 -0.0193883 0.103316
0.0159039 0.13175 0.0847706

0.0215311 -0.0207927 0.106531
0.0171353 0.135602 0.088869

0.0224034 -0.0222436 0.109728
0.0184251 0.139393 0.093032

0.023289 -0.0237403 0.112904
0.019774 0.143116 0.0972554

0.0241882 -0.0252816 0.116058
0.0211818 0.146772 0.101535

0.0251007 -0.0268667 0.11919
0.0226488 0.150355 0.105867

0.0260266 -0.0284943 0.122297
0.0241742 0.153866 0.110246

0.026966 -0.0301637 0.125377
0.0257604 0.157294 0.114667

0.0279186 -0.0318727 0.128433
0.0274014 0.160653 0.119128

0.0288847 -0.0336214 0.131456
0.0291055 0.163917 0.123619

0.029864 -0.0354072 0.134452
0.0308637 0.167106 0.12814

0.0308565 -0.0372293 0.137419
0.0326784 0.17021 0.132686

0.0318624 -0.0390862 0.14035
0.0345513 0.17322 0.137247

0.0328814 -0.0409763 0.143249
0.0364778 0.176144 0.141822

0.0339134 -0.0428981 0.146116
0.0384573 0.178982 0.146407

0.0349584 -0.04485 0.148948
0.0404889 0.181729 0.150994

0.0360164 -0.0468302 0.151742
0.0425724 0.18438 0.155578

0.0370872 -0.0488372 0.1545
0.0447047 0.186941 0.160156

0.0381708 -0.0508694 0.157221
0.0468839 0.189413 0.164723

0.0392669 -0.0529251 0.159906
0.0491083 0.191795 0.169275

0.0403756 -0.0550024 0.162551
0.0513766 0.194084 0.173805

0.0414968 -0.0570993 0.165156
0.0536869 0.196281 0.178308

0.0426302 -0.0592143 0.167722
0.0560362 0.198388 0.182782

0.0437757 -0.0613456 0.170247
0.0584226 0.200406 0.187222

0.0449331 -0.0634916 0.172733
0.0608439 0.202336 0.191624

0.0461024 -0.0656506 0.175179
0.063297 0.204182 0.195986

0.0472833 -0.0678202 0.177583
0.0657816 0.205938 0.200299

0.0484755 -0.0700002 0.17995
0.0682912 0.207619 0.20457

0.0496791 -0.0721855 0.182269
0.0708292 0.209202 0.208776

0.0508937 -0.0743784 0.184552
0.0733867 0.210718 0.212937

0.0521191 -0.0765745 0.186792
0.0759652 0.21215 0.217035

0.053355 -0.0787726 0.18899
0.0785612 0.213503 0.22107

0.0546013 -0.0809724 0.19115
0.0811712 0.214787 0.225046

0.0558577 -0.0831712 0.193268
0.0837937 0.215998 0.228956

0.0571239 -0.0853663 0.195344
0.0864258 0.217134 0.232792

0.0583997 -0.0875581 0.197381
0.0890647 0.218205 0.236562

0.0596847 -0.0897446 0.199379
0.0917082 0.219212 0.240261

0.0609786 -0.0919235 0.201336
0.0943537 0.220154 0.243885

0.0622812 -0.0940929 0.203253
0.0969979 0.221033 0.247433

0.063592 -0.0962533 0.205132
0.0996395 0.221857 0.250909

0.0649108 -0.0984018 0.206972
0.102276 0.222623 0.254306

0.0662374 -0.100538 0.208775
0.104905 0.223336 0.257628

0.0675711 -0.10266 0.210539
0.107524 0.223997 0.260872

0.0689117 -0.104766 0.212266
0.110131 0.224608 0.264035

0.0702589 -0.106856 0.213958
0.112724 0.225175 0.267125

0.0716123 -0.108928 0.215611
0.115302 0.225694 0.270129

0.0729715 -0.110984 0.217233
0.117862 0.226178 0.27307

0.0743359 -0.113015 0.218815
0.120401 0.226611 0.275911

0.0757054 -0.115031 0.220367
0.12292 0.227015 0.278696

0.0770792 -0.117021 0.221881
0.125414 0.227377 0.281387

0.0784573 -0.11899 0.223365
0.127885 0.227709 0.284011

0.0798391 -0.120938 0.224817
0.130331 0.22801 0.286564

0.0812241 -0.122858 0.226234
0.132747 0.228278 0.289032

0.0826119 -0.124756 0.227621
0.135135 0.228519 0.291432

0.0840022 -0.126628 0.228979
0.137495 0.228736 0.293762

0.0853942 -0.128473 0.230305
0.139822 0.228926 0.296017

0.0867876 -0.130291 0.231601
0.142117 0.229092 0.2982

0.0881822 -0.132083 0.232869
0.14438 0.229238 0.300319

0.0895776 -0.133848 0.23411
0.14661 0.229366 0.302371

0.0909729 -0.135584 0.235322
0.148804 0.229474 0.304353

0.0923678 -0.137291 0.236507
0.150963 0.229564 0.30627

0.0937622 -0.13897 0.237667
0.153087 0.22964 0.308126

0.0951555 -0.14062 0.238801
0.155175 0.229702 0.30992

0.0965471 -0.142241 0.239909
0.157227 0.229749 0.311654

0.0979362 -0.14383 0.240991
0.15924 0.229782 0.313324

0.0993232 -0.145395 0.242052
0.161221 0.229806 0.314951

0.100707 -0.146922 0.243086
0.163156 0.229819 0.3165

0.102088 -0.148429 0.244102
0.165063 0.229825 0.318019

0.103465 -0.149896 0.245091
0.166924 0.22982 0.319461

0.104838 -0.15134 0.24606
0.168753 0.229808 0.320868

0.106206 -0.152753 0.247008
0.170545 0.229789 0.322225

0.107569 -0.154133 0.247934
0.172295 0.229764 0.323522

0.108928 -0.155488 0.248842
0.174013 0.229734 0.324785

0.11028 -0.156811 0.249729
0.175691 0.2297 0.325998

0.111626 -0.158103 0.250596
0.177332 0.229659 0.327163

0.112966 -0.159368 0.251445
0.178938 0.229614 0.328292

0.1143 -0.160605 0.252276
0.180509 0.229567 0.32938

0.115626 -0.161811 0.253088
0.182043 0.229516 0.330425

0.116945 -0.162989 0.253884
0.183542 0.229463 0.331434

0.118257 -0.16414 0.254663
0.185006 0.22941 0.332406

0.119561 -0.165262 0.255425
0.186435 0.229355 0.333341

0.120856 -0.166355 0.25617
0.187831 0.229296 0.33424

0.122143 -0.167423 0.2569
0.189196 0.229234 0.335111

0.123422 -0.168462 0.257615
0.190523 0.229176 0.335944

0.124692 -0.169479 0.258316
0.191825 0.229115 0.336756

0.125952 -0.170461 0.259001
0.193084 0.229057 0.337523

0.127204 -0.171428 0.259673
0.194327 0.22899 0.338279

0.128446 -0.172358 0.26033
0.195523 0.228935 0.338989

0.129679 -0.173272 0.260975
0.196701 0.228872 0.339688

0.130902 -0.174158 0.261606
0.197845 0.228812 0.340355

0.132114 -0.175019 0.262223
0.198961 0.228749 0.340996

0.133317 -0.17586 0.26283
0.200054 0.228687 0.341623

0.13451 -0.176673 0.263423
0.201112 0.228628 0.342217

0.135692 -0.177465 0.264006
0.202145 0.22857 0.342792

0.136865 -0.178236 0.264577
0.203154 0.228514 0.343349

0.138027 -0.178983 0.265136
0.204136 0.228456 0.343882

0.139178 -0.179708 0.265684
0.205093 0.228398 0.344396

0.140319 -0.180414 0.266223
0.206027 0.228343 0.344895

0.14145 -0.1811 0.266751
0.206938 0.228289 0.345377

0.142569 -0.181762 0.267268
0.207823 0.228235 0.345836

0.143679 -0.182406 0.267776
0.208686 0.228183 0.346282

0.144778 -0.183033 0.268274
0.209531 0.22813 0.346715

0.145866 -0.183638 0.268764
0.21035 0.228081 0.34713

0.146944 -0.184227 0.269242
0.211155 0.228025 0.347531

0.14801 -0.184793 0.269714
0.211929 0.227983 0.347915

0.149069 -0.18535 0.270177
0.212696 0.227932 0.348295

0.150114 -0.185879 0.270633
0.213429 0.227895 0.348651

0.151151 -0.186401 0.271078
0.214159 0.227842 0.349003

0.152176 -0.1869 0.271516
0.214861 0.227798 0.349337

0.153191 -0.187387 0.271946
0.21555 0.227755 0.349665

0.154198 -0.18786 0.27237
0.216225 0.227711 0.349985

0.155192 -0.188313 0.272785
0.216877 0.227671 0.350284

0.156178 -0.188754 0.273193
0.217518 0.227628 0.35058

0.157154 -0.189181 0.273596
0.218142 0.22759 0.350869

0.158119 -0.189591 0.273991
0.218748 0.227554 0.351141

0.159076 -0.18999 0.27438
0.219343 0.227517 0.35141

0.160023 -0.190377 0.274762
0.219926 0.227478 0.351672

0.16096 -0.190749 0.275137
0.220494 0.227439 0.35192

0.161889 -0.191108 0.275507
0.221048 0.227404 0.352162

0.162808 -0.191456 0.275873
0.221588 0.227375 0.352402

0.163719 -0.191792 0.276232
0.222117 0.227344 0.352631

0.16462 -0.192114 0.276585
0.222633 0.227312 0.352851

0.165513 -0.192429 0.276931
0.223143 0.227275 0.353065

0.166397 -0.192729 0.277275
0.223635 0.227249 0.353278

0.167275 -0.193024 0.27761
0.224127 0.227209 0.35348

0.168141 -0.193301 0.277944
0.224594 0.227187 0.353676

0.169003 -0.193575 0.278271
0.225064 0.227154 0.353871

0.169854 -0.193834 0.278596
0.225514 0.227132 0.35406

0.170699 -0.194086 0.278914
0.225962 0.2271 0.35424

0.171537 -0.194329 0.279227
0.226402 0.227069 0.354416

0.172365 -0.19456 0.279538
0.226825 0.227048 0.354586

0.173189 -0.194786 0.279845
0.227247 0.227024 0.354759

0.174004 -0.195001 0.280149
0.227657 0.227002 0.354924

0.174813 -0.195207 0.280446
0.22806 0.226976 0.355078

0.175616 -0.195408 0.28074
0.22846 0.226949 0.355235

0.176412 -0.1956 0.28103
0.22885 0.226924 0.355388

0.177202 -0.195783 0.281318
0.229232 0.226902 0.355535

0.177986 -0.19596 0.281602
0.22961 0.226878 0.355682

0.178764 -0.196129 0.281883
0.229981 0.226856 0.355825

0.179536 -0.196288 0.282161
0.230342 0.226836 0.355957

0.180303 -0.196443 0.282437
0.230699 0.226819 0.356096

0.181065 -0.196594 0.282708
0.231054 0.226795 0.356231

0.181821 -0.196733 0.282977
0.231399 0.226777 0.356361

0.182574 -0.196868 0.28324
0.231745 0.226748 0.356478

0.183319 -0.196996 0.283506
0.232079 0.226734 0.356609

0.184063 -0.197121 0.283766
0.232415 0.22671 0.356732

0.1848 -0.197234 0.284026
0.232738 0.226698 0.356851

0.185534 -0.197345 0.284282
0.233063 0.226678 0.356968

0.186264 -0.19745 0.284536
0.233383 0.226658 0.357083

0.18699 -0.197548 0.284788
0.233697 0.226643 0.357198

0.187714 -0.197642 0.285036
0.234012 0.226618 0.357304

0.188432 -0.197728 0.285284
0.234317 0.226604 0.357412

0.189148 -0.197811 0.285531
0.234622 0.22659 0.357522

0.189862 -0.19789 0.285776
0.234925 0.226573 0.357632

0.190572 -0.19796 0.286018
0.235221 0.226558 0.357732

0.191279 -0.198026 0.286258
0.235516 0.226541 0.357829

0.191985 -0.198089 0.286497
0.235811 0.226523 0.357934

0.192688 -0.198146 0.286736
0.2361 0.22651 0.358034

0.193389 -0.198198 0.286973
0.236388 0.226496 0.358134

0.194088 -0.198245 0.287206
0.236676 0.226477 0.35823

0.194787 -0.198288 0.287439
0.23696 0.226459 0.358324

0.195482 -0.198325 0.287671
0.237242 0.226444 0.358417

0.196178 -0.19836 0.287901
0.237524 0.226425 0.35851

0.196871 -0.198389 0.288134
0.237803 0.226415 0.358611

0.197565 -0.198412 0.28836
0.23808 0.226395 0.35869

0.198256 -0.198429 0.288592
0.238352 0.226387 0.358785

0.198949 -0.198446 0.288819
0.238629 0.226372 0.358876

0.19964 -0.198457 0.289048
0.238903 0.22636 0.35897

0.200331 -0.198462 0.289273
0.239173 0.226346 0.359053

0.201024 -0.198464 0.289496
0.239449 0.226324 0.359136

0.201715 -0.19846 0.289722
0.23972 0.226313 0.359224

0.202408 -0.198454 0.289947
0.239992 0.226298 0.359312

0.203102 -0.198443 0.29017
0.240263 0.226283 0.359395

0.203795 -0.198425 0.290397
0.24053 0.226277 0.359483

0.204491 -0.198406 0.29062
0.240803 0.22626 0.35957

0.205188 -0.198382 0.290842
0.241075 0.226243 0.359653

0.205886 -0.198349 0.291064
0.241343 0.22623 0.359729

0.206587 -0.198315 0.291287
0.241615 0.226215 0.359811

0.207288 -0.198279 0.291511
0.24189 0.226201 0.3599

0.207993 -0.198235 0.291736
0.242158 0.226193 0.359984

0.208699 -0.198187 0.291959
0.242433 0.226178 0.360065

0.20941 -0.198134 0.29218
0.242707 0.226159 0.360141

0.21012 -0.198076 0.292405
0.242982 0.226149 0.360225

0.210837 -0.198014 0.292628
0.243256 0.226135 0.360302

0.211554 -0.19795 0.292855
0.243537 0.226124 0.360397

0.212277 -0.197877 0.293077
0.243816 0.226106 0.36047

0.213002 -0.197798 0.293304
0.244094 0.226097 0.36055

0.213732 -0.197717 0.293529
0.244377 0.226082 0.360631

0.214467 -0.197632 0.293754
0.244665 0.226065 0.360715

0.215204 -0.197539 0.293983
0.244948 0.226057 0.360799

0.215948 -0.19744 0.29421
0.245235 0.226043 0.360874

0.216695 -0.197337 0.294439
0.245526 0.22603 0.360956

0.217448 -0.19723 0.294669
0.245821 0.226018 0.361045

0.218207 -0.197117 0.294899
0.246118 0.226002 0.361126

0.218971 -0.196996 0.295129
0.246417 0.225987 0.361205

0.219742 -0.196869 0.29536
0.246719 0.225971 0.361286

0.220518 -0.196739 0.295591
0.247028 0.22595 0.361368

0.221301 -0.196601 0.295826
0.247336 0.225938 0.361451

0.22209 -0.196454 0.296062
0.247644 0.225928 0.361532

0.222886 -0.196306 0.2963
0.247963 0.225915 0.361621

0.22369 -0.19615 0.296538
0.248282 0.225903 0.361709

0.2245 -0.195985 0.296779
0.248605 0.22589 0.361794

0.22532 -0.19581 0.297016
0.24893 0.225872 0.361866

0.226146 -0.195635 0.297259
0.249268 0.225856 0.361957

0.226981 -0.195447 0.297501
0.249601 0.225842 0.362038

0.227824 -0.195257 0.297749
0.249946 0.22583 0.362135

0.228677 -0.195056 0.297994
0.250294 0.225813 0.362219

0.229539 -0.194845 0.298241
0.250645 0.225798 0.362301

0.23041 -0.194627 0.298492
0.251001 0.225786 0.362389

0.231291 -0.194403 0.298742
0.251368 0.225766 0.362477

0.232182 -0.194171 0.298996
0.251741 0.22575 0.362573

0.233083 -0.193926 0.299251
0.252114 0.225737 0.362659

0.233996 -0.193673 0.299506
0.252497 0.225719 0.362744

0.234919 -0.193412 0.299766
0.252886 0.225706 0.362841

0.235854 -0.193142 0.300025
0.253287 0.225685 0.362935

0.236801 -0.19286 0.300286
0.253689 0.225668 0.363022

0.237759 -0.192567 0.300551
0.254099 0.225654 0.363117

0.23873 -0.192264 0.300816
0.254519 0.225636 0.363209

0.239713 -0.191954 0.301084
0.254951 0.225616 0.363307

0.24071 -0.191627 0.301354
0.255383 0.225601 0.363401

0.24172 -0.191292 0.301626
0.25583 0.225583 0.363498

0.242744 -0.190944 0.301897
0.256285 0.225559 0.363593

0.243782 -0.190584 0.302174
0.25675 0.225542 0.363692

0.244835 -0.190208 0.30245
0.257219 0.225524 0.363783

0.245901 -0.189824 0.302731
0.257705 0.225507 0.363886

0.246984 -0.189425 0.303013
0.258199 0.225488 0.363988

0.248081 -0.189014 0.303299
0.258704 0.225474 0.364097

0.249196 -0.188587 0.303583
0.259223 0.225449 0.364198

0.250327 -0.188141 0.303867
0.259749 0.225422 0.364287

0.251474 -0.187682 0.304156
0.260289 0.225402 0.364389

0.252638 -0.187209 0.304447
0.260841 0.225379 0.364492

0.25382 -0.186723 0.304738
0.261411 0.225353 0.364599

0.25502 -0.186219 0.305034
0.26199 0.225333 0.364708

0.256238 -0.185693 0.305331
0.262578 0.225315 0.364808

0.257474 -0.185152 0.305628
0.263183 0.225292 0.364909

0.25873 -0.184595 0.305928
0.263805 0.225269 0.365018

0.260005 -0.184019 0.306228
0.264443 0.225241 0.365123

0.261301 -0.183423 0.306531
0.265093 0.22522 0.365229

0.262616 -0.182804 0.306835
0.265757 0.225198 0.365332

0.263953 -0.182172 0.307138
0.266446 0.225168 0.365438

0.26531 -0.181514 0.307442
0.267147 0.225139 0.365542

0.266689 -0.180836 0.30775
0.267866 0.225115 0.36565

0.26809 -0.180136 0.308054
0.268603 0.225085 0.365753

0.269514 -0.179417 0.308361
0.269364 0.225053 0.365858

0.27096 -0.178669 0.308669
0.270137 0.225025 0.365963

0.27243 -0.1779 0.308976
0.270932 0.224996 0.366066

0.273923 -0.177109 0.309283
0.27175 0.224963 0.36617

0.275441 -0.17629 0.309589
0.272587 0.224929 0.366269

0.276982 -0.175446 0.309897
0.273447 0.224898 0.366371

0.278549 -0.174576 0.310201
0.274327 0.224863 0.366463

0.280141 -0.173679 0.310506
0.27523 0.22483 0.366559

0.281758 -0.172755 0.31081
0.276157 0.224798 0.366659

0.283402 -0.171806 0.311111
0.277111 0.22476 0.366755

0.285073 -0.170827 0.31141
0.278092 0.224719 0.366848

0.286771 -0.169812 0.311705
0.279091 0.22468 0.366926

0.288496 -0.168769 0.311998
0.280117 0.22464 0.367002

0.290248 -0.167699 0.31229
0.281174 0.224599 0.367085

0.292029 -0.1666 0.312576
0.282261 0.224553 0.367165

0.293838 -0.165468 0.31286
0.283373 0.224511 0.36724

0.295676 -0.164298 0.313139
0.284508 0.224472 0.367308

0.297544 -0.163099 0.313413
0.28568 0.224426 0.367371

0.299441 -0.161866 0.313678
0.286881 0.224373 0.367424

0.301369 -0.160599 0.31394
0.288116 0.224322 0.367477

0.303326 -0.159293 0.314193
0.289378 0.224269 0.367519

0.305316 -0.157955 0.31444
0.290676 0.224213 0.367554

0.307336 -0.156581 0.314678
0.292007 0.224154 0.367583

0.309387 -0.15517 0.314908
0.29337 0.224097 0.367607

0.311471 -0.15372 0.31513
0.294769 0.224038 0.367619

0.313586 -0.152235 0.315339
0.296203 0.223972 0.367619

0.315734 -0.150711 0.31554
0.297673 0.22391 0.367617

0.317915 -0.149148 0.315728
0.299179 0.223841 0.367598

0.32013 -0.147544 0.315902
0.300721 0.22377 0.367563

0.322377 -0.145904 0.316066
0.302304 0.223698 0.367526

0.324658 -0.144223 0.316215
0.303923 0.223623 0.367473

0.326973 -0.142502 0.316345
0.305584 0.223538 0.367399

0.329323 -0.140738 0.316462
0.307284 0.223455 0.367312

0.331707 -0.138933 0.316561
0.309021 0.223369 0.367209

0.334126 -0.13709 0.316642
0.310802 0.223278 0.367093

0.336579 -0.135208 0.316705
0.312626 0.223183 0.366966

0.339068 -0.133288 0.316746
0.314496 0.223077 0.366815

0.341592 -0.131312 0.316765
0.316394 0.222978 0.36663

0.344152 -0.129303 0.316765
0.318342 0.222873 0.366435

0.346746 -0.127251 0.316738
0.320331 0.222759 0.366213

0.349377 -0.125165 0.316688
0.322371 0.222638 0.365975

0.352042 -0.123032 0.316615
0.324447 0.222521 0.365718

0.354744 -0.120859 0.316514
0.326565 0.222398 0.365431

0.357482 -0.118646 0.316383
0.328732 0.222264 0.365113

0.360256 -0.11639 0.316221
0.33094 0.222124 0.364764

0.363066 -0.114094 0.316029
0.333194 0.221978 0.364389

0.365911 -0.11176 0.315804
0.335491 0.221825 0.363981

0.368793 -0.109386 0.315546
0.337832 0.221665 0.363541

0.371709 -0.106975 0.315256
0.340218 0.221504 0.363075

0.374661 -0.104526 0.314927
0.342646 0.221331 0.362572

0.377648 -0.102039 0.314561
0.345117 0.221153 0.362031

0.380671 -0.0995162 0.314157
0.347633 0.220966 0.361456

0.383727 -0.0969587 0.313712
0.350191 0.22077 0.360843

0.38682 -0.0943658 0.313224
0.352792 0.220564 0.360185

0.389945 -0.0917359 0.312693
0.355432 0.220352 0.359485

0.393105 -0.0890757 0.312118
0.358115 0.220129 0.358745

0.396296 -0.0863859 0.311497
0.36084 0.219895 0.357965

0.399523 -0.0836682 0.310829
0.363609 0.219648 0.357136

0.40278 -0.0809128 0.310112
0.366406 0.219399 0.356254

0.40607 -0.0781328 0.309349
0.369244 0.219143 0.355333

0.409389 -0.075328 0.308535
0.372119 0.218874 0.354366

0.41274 -0.0725028 0.307668
0.375034 0.21859 0.353348

0.41612 -0.069653 0.306748
0.377983 0.218294 0.352279

0.419527 -0.0667737 0.305775
0.380959 0.217995 0.351155

0.422964 -0.0638761 0.304747
0.38397 0.217682 0.349975

0.426427 -0.0609617 0.30366
0.38701 0.217355 0.348738

0.429916 -0.0580323 0.302517
0.390085 0.217014 0.347454

0.433429 -0.0550875 0.301317
0.393187 0.216662 0.346116

0.436966 -0.0521294 0.300055
0.396311 0.216297 0.344716

0.440525 -0.0491608 0.298737
0.399463 0.215921 0.343265

0.444105 -0.0461797 0.297356
0.402636 0.215531 0.341748

0.447705 -0.0431887 0.295912
0.405828 0.215128 0.340166

0.451324 -0.0401959 0.294409
0.409043 0.214712 0.338533

0.454958 -0.0371991 0.292845
0.412275 0.214284 0.336843

0.45861 -0.0341991 0.291218
0.41552 0.213844 0.33509

0.462273 -0.0312005 0.289529
0.41878 0.213392 0.333283

0.465951 -0.0282051 0.28778
0.422052 0.212927 0.331417

0.469636 -0.0252095 0.285966
0.42533 0.212451 0.329487

0.473333 -0.0222266 0.284088
0.428624 0.211954 0.3275

0.477035 -0.0192459 0.282143
0.431916 0.211443 0.325439

0.480743 -0.0162736 0.280138
0.435212 0.210925 0.323324

0.484453 -0.0133151 0.278073
0.438512 0.210393 0.321157

0.488164 -0.0103728 0.275945
0.441812 0.209845 0.31893

0.491877 -0.00744894 0.273755
0.445111 0.209281 0.316643

0.495584 -0.00453384 0.271506
0.448401 0.208713 0.314299

0.499289 -0.0016382 0.269198
0.451685 0.208134 0.3119

0.502986 0.00123381 0.26683
0.454962 0.20754 0.309446

0.506674 0.00408203 0.264404
0.458228 0.206932 0.306938

0.510352 0.00690679 0.261923
0.461487 0.206312 0.30438

0.514016 0.00970863 0.259385
0.464727 0.205684 0.301768

0.517664 0.0124873 0.256789
0.467945 0.205045 0.29909

0.521298 0.0152355 0.254142
0.471152 0.204396 0.296371

0.52491 0.0179537 0.251444
0.474338 0.203736 0.293605

0.528502 0.0206418 0.248697
0.477503 0.203069 0.290797

0.53207 0.0232965 0.245903
0.480648 0.202391 0.287947

0.535615 0.025922 0.243065
0.483768 0.201711 0.285056

0.53913 0.0285138 0.240177
0.486858 0.20102 0.282114

0.542618 0.031073 0.237248
0.489923 0.200324 0.279131

0.546072 0.0335977 0.234276
0.492956 0.199621 0.27611

0.549496 0.0360834 0.231269
0.495966 0.198912 0.27306

0.552884 0.0385344 0.228225
0.498943 0.198198 0.269975

0.556234 0.0409479 0.225144
0.501884 0.197479 0.266856

0.559546 0.0433242 0.222034
0.504797 0.196755 0.263714

0.562817 0.0456634 0.218891
0.507675 0.196029 0.26054

0.566048 0.0479621 0.215722
0.510518 0.195297 0.257339

0.569233 0.0502239 0.212523
0.513319 0.194564 0.254105

0.572373 0.052452 0.209304
0.516087 0.193836 0.250858

0.575469 0.0546387 0.206065
0.518822 0.193104 0.247595

0.578516 0.0567854 0.202808
0.521515 0.192371 0.244312

0.581516 0.0588929 0.199537
0.524178 0.191637 0.241022

0.584467 0.060967 0.196251
0.526799 0.190912 0.237715

0.587364 0.0630046 0.192952
0.529374 0.190192 0.234393

0.590213 0.065002 0.189647
0.531916 0.189472 0.231067

0.593007 0.0669617 0.186335
0.53442 0.188753 0.227734

0.595746 0.0688836 0.183018
0.536882 0.188036 0.224393

0.598431 0.0707692 0.1797
0.539308 0.187324 0.221054

0.601063 0.0726205 0.176382
0.541691 0.186623 0.21771

0.603635 0.0744365 0.173065
0.54403 0.185929 0.214364

0.606155 0.0762156 0.169756
0.546336 0.185239 0.211026

0.608617 0.0779612 0.166454
0.548603 0.184557 0.207696

0.611024 0.0796727 0.163163
0.550835 0.183882 0.204378

0.613376 0.0813513 0.159884
0.55303 0.183218 0.20107

0.615667 0.0829962 0.156616
0.555179 0.182562 0.197765

0.617902 0.0846098 0.153364
0.557288 0.181919 0.194469

0.620079 0.0861924 0.150129
0.559361 0.181287 0.19119

0.622199 0.0877426 0.146915
0.5614 0.18066 0.187926

0.624263 0.089262 0.143723
0.5634 0.180044 0.18468

0.62627 0.0907533 0.140553
0.565363 0.179443 0.181453

0.628223 0.0922162 0.137408
0.567298 0.178854 0.178252

0.630121 0.0936496 0.13429
0.569196 0.178276 0.175071

0.631961 0.0950541 0.131199
0.571049 0.177711 0.171905

0.633748 0.0964331 0.128138
0.572876 0.177159 0.168765

0.635477 0.0977851 0.125105
0.574661 0.176625 0.165648

0.637155 0.0991104 0.122107
0.576414 0.176101 0.162559

0.638781 0.100411 0.119142
0.578142 0.175588 0.1595

0.640359 0.101687 0.116213
0.579844 0.175085 0.156472

0.64188 0.102938 0.113317
0.581506 0.1746 0.153469

0.643352 0.104166 0.110458
0.583134 0.174131 0.150493

0.644771 0.10537 0.107636
0.584731 0.173675 0.147548

0.646144 0.106552 0.104854
0.5863 0.173231 0.144633

0.64747 0.107713 0.102111
0.587844 0.172802 0.14175

0.648748 0.108851 0.0994069
0.589356 0.172385 0.1389

0.649983 0.109969 0.0967428
0.590846 0.171984 0.136085

0.651168 0.111064 0.0941203
0.592297 0.171603 0.1333

0.652312 0.112139 0.0915402
0.593722 0.171235 0.130549

0.653412 0.113194 0.0890002
0.595124 0.17088 0.127834

0.654474 0.114229 0.0865013
0.596507 0.170538 0.125156

0.655497 0.115246 0.084046
0.597866 0.170209 0.122513

0.656474 0.116244 0.0816371
0.599187 0.169896 0.119899

0.657411 0.117222 0.0792673
0.600488 0.169597 0.117321

0.658313 0.118184 0.0769432
0.601765 0.169314 0.114777

0.659177 0.119129 0.0746633
0.603017 0.169041 0.112269

0.660011 0.120058 0.072427
0.604254 0.168778 0.109797

0.660805 0.120965 0.0702288
0.605464 0.168533 0.107362

0.661569 0.121854 0.068075
0.606654 0.1683 0.104963

0.662301 0.122728 0.0659635
0.607825 0.168077 0.1026

0.663005 0.123589 0.0638975
0.608976 0.167869 0.10027

0.663671 0.124433 0.0618745
0.6101 0.167674 0.0979724

0.664309 0.125259 0.059894
0.611201 0.167496 0.0957131

0.664919 0.126069 0.0579557
0.612284 0.167328 0.0934894

0.665503 0.126865 0.056056
0.613353 0.167166 0.0912968

0.666068 0.127649 0.0541976
0.614411 0.167013 0.0891382

0.666604 0.128413 0.0523769
0.615448 0.166872 0.087014

0.667111 0.129164 0.0506023
0.616458 0.166748 0.0849259

0.667594 0.129898 0.0488664
0.617451 0.166636 0.0828723

0.668056 0.130623 0.0471711
0.618429 0.166532 0.0808476

0.668499 0.131334 0.0455144
0.619391 0.166439 0.0788563

0.66892 0.132026 0.043892
0.620338 0.166353 0.0768961

0.669324 0.132706 0.042305
0.621276 0.166275 0.0749671

0.669706 0.133376 0.040762
0.622191 0.16621 0.0730737

0.670065 0.134031 0.0392582
0.623083 0.166158 0.0712128

0.670411 0.134668 0.037782
0.623972 0.166111 0.0693801

0.67074 0.135296 0.0363411
0.624845 0.166068 0.0675732

0.671059 0.135916 0.0349373
0.625707 0.166032 0.0657956

0.671356 0.136522 0.0335674
0.626552 0.16601 0.0640462

0.671638 0.13711 0.0322293
0.627382 0.165994 0.0623282

0.671901 0.13769 0.0309306
0.628191 0.165991 0.06064

0.672161 0.138265 0.0296602
0.629 0.165992 0.0589761

0.672407 0.138823 0.0284158
0.629797 0.165997 0.0573358

0.672632 0.139363 0.0272084
0.630571 0.166015 0.0557328

0.672849 0.139894 0.0260293
0.631341 0.166038 0.0541561

0.673054 0.140413 0.0248784
0.632098 0.166066 0.0526037

0.673254 0.140926 0.0237542
0.632848 0.166099 0.0510708

0.673441 0.14143 0.0226607
0.633582 0.166143 0.0495594

0.673615 0.141923 0.0215984
0.6343 0.166194 0.0480758

0.67378 0.142406 0.0205626
0.635011 0.16625 0.0466176

0.673938 0.142876 0.0195469
0.635714 0.166306 0.0451769

0.674094 0.14334 0.0185533
0.636415 0.166364 0.0437563

0.674237 0.14379 0.0175873
0.637103 0.166427 0.0423635

0.674368 0.144225 0.0166439
0.637777 0.166498 0.0409906

0.674495 0.144659 0.0157299
0.638444 0.16658 0.0396442

0.674617 0.14509 0.0148394
0.6391 0.166666 0.0383115

0.67473 0.145506 0.0139715
0.639747 0.166756 0.0370028

0.674834 0.145905 0.0131166
0.640387 0.166847 0.0357074

0.674942 0.146304 0.012284
0.641025 0.16694 0.0344308

0.675038 0.146697 0.0114773
0.641652 0.167041 0.0331766

0.675129 0.147079 0.01069
0.642268 0.16715 0.031939

0.675208 0.147449 0.00992574
0.642873 0.167262 0.0307239

0.675291 0.147817 0.00917597
0.643478 0.167376 0.0295209

0.675374 0.148179 0.00843654
0.644081 0.16749 0.0283247

0.675444 0.148526 0.00772275
0.644665 0.167612 0.0271509

0.675509 0.148871 0.0070308
0.64525 0.167741 0.0260007

0.675573 0.149208 0.00635146
0.645827 0.167872 0.0248594

0.675635 0.14954 0.00568718
0.646398 0.168005 0.0237295

0.675697 0.149866 0.00503391
0.646966 0.168139 0.0226095

0.675746 0.150177 0.00440251
0.647524 0.168279 0.0215136

0.675797 0.150491 0.00378895
0.648084 0.168424 0.0204349

0.675842 0.150792 0.00318708
0.648634 0.168568 0.0193639

0.675887 0.151087 0.00258936
0.649179 0.168713 0.0182904

0.675935 0.151385 0.00200906
0.649722 0.168866 0.0172299

0.675973 0.151676 0.00144886
0.650255 0.169024 0.0161889

0.676009 0.151955 0.000901067
0.650785 0.169187 0.0151618

0.676043 0.15223 0.000360438
0.651311 0.16935 0.0141396

0.676083 0.15251 -0.000166123
0.651843 0.169516 0.0131297

0.676106 0.152765 -0.000681939
0.652362 0.169682 0.0121333

0.676134 0.15302 -0.00118963
0.652884 0.16985 0.0111427

0.676162 0.15328 -0.00167568
0.653398 0.17003 0.0101703

0.676195 0.153538 -0.00216527
0.653912 0.170211 0.00918743

0.676212 0.153779 -0.00263189
0.654417 0.170397 0.00822931

0.676232 0.154022 -0.00309119
0.65492 0.170583 0.00727154

0.676258 0.154264 -0.00355646
0.655431 0.170764 0.00630488

0.676278 0.154495 -0.00400661
0.655932 0.17095 0.00535276

0.676294 0.154726 -0.00443755
0.656434 0.171146 0.00441985

0.67631 0.154953 -0.00486275
0.656934 0.171346 0.00349011

0.676328 0.155176 -0.00528328
0.657432 0.171546 0.00256202

0.676342 0.155393 -0.00570067
0.657929 0.171749 0.00163306

