# This file is created by system ./DesigningTheRidgeLineVer2.out
# Success!!
# objective function value ->11.875095
# number of coefficients -> 29
# IntegralNumber -> 2 Convergence -> 0.000370
# multipliers of equational conditions
#-4.737419 -93.945062 -80.244470 -19.155252 32.651032 -54.508221 3773.239957 -20.785712 # multipliers of inequality conditions
#0.000000 0.000000 0.000000 0.000000 0.000000 0.000000 0.000000 0.000000 0.000000 0.000000 0.000000 0.000000 0.000000 0.000000 0.000000 0.000000 0.000000 0.000000 0.000000 0.000000 0.000000 0.000000 0.000000 0.000000 0.000000 0.000000 0.000000 0.000000 0.000000 0.000000 0.000000 0.000000 0.000000 0.000000 0.000000 0.000000 0.000000 0.000000 0.000000 0.000000 # coefficients
#1.239673 -0.235325 -0.290209 -0.292398 0.033763 -0.100166 0.075396 0.058917 3.568772 -1.336833 -0.123004 0.603883 -0.115595 -0.557957 -0.907740 0.689697 1.330138 1.368207 -0.362664 0.583915 1.990450 0.668486 0.092603 -0.027022 0.163009 0.107237 0.001501 0.971997 1.003206 # value of conditons
#-0.000368 -0.000089 -0.000040 -0.000092 0.000247 -0.000078 0.000171 -0.000111 

0.000000 0.000000 3.533405 2.097780 0.000000 0.000000
0.002154 0.001767 3.511808 2.117987 -0.608414 4.775414
0.004308 0.003533 3.490152 2.138079 -0.591872 4.792437
0.006462 0.005297 3.468436 2.158049 -0.575296 4.809169
0.008616 0.007059 3.446664 2.177894 -0.558685 4.825605
0.010770 0.008819 3.424835 2.197609 -0.542042 4.841743
0.012924 0.010578 3.402952 2.217187 -0.525369 4.857579
0.015078 0.012336 3.381016 2.236625 -0.508664 4.873107
0.017232 0.014091 3.359030 2.255918 -0.491931 4.888324
0.019386 0.015845 3.336994 2.275059 -0.475170 4.903229
0.021540 0.017598 3.314912 2.294045 -0.458381 4.917810
0.023694 0.019348 3.292785 2.312870 -0.441569 4.932080
0.025848 0.021098 3.270617 2.331528 -0.424732 4.946017
0.028002 0.022845 3.248409 2.350015 -0.407871 4.959627
0.030156 0.024592 3.226164 2.368325 -0.390990 4.972908
0.032310 0.026336 3.203886 2.386454 -0.374088 4.985854
0.034464 0.028079 3.181577 2.404396 -0.357167 4.998463
0.036618 0.029820 3.159240 2.422145 -0.340228 5.010734
0.038772 0.031560 3.136879 2.439697 -0.323273 5.022663
0.040926 0.033298 3.114498 2.457047 -0.306303 5.034242
0.043080 0.035035 3.092099 2.474188 -0.289315 5.045459
0.045234 0.036770 3.069686 2.491117 -0.272322 5.056358
0.047388 0.038504 3.047264 2.507828 -0.255315 5.066897
0.049542 0.040235 3.024836 2.524316 -0.238295 5.077059
0.051696 0.041966 3.002406 2.540575 -0.221269 5.086881
0.053850 0.043694 2.979978 2.556602 -0.204235 5.096339
0.056004 0.045421 2.957557 2.572390 -0.187194 5.105432
0.058158 0.047146 2.935147 2.587935 -0.170151 5.114174
0.060311 0.048870 2.912753 2.603232 -0.153102 5.122536
0.062465 0.050592 2.890378 2.618276 -0.136055 5.130553
0.064619 0.052312 2.868028 2.633063 -0.119004 5.138189
0.066773 0.054030 2.845707 2.647587 -0.101957 5.145468
0.068927 0.055747 2.823421 2.661844 -0.084910 5.152369
0.071081 0.057461 2.801173 2.675830 -0.067867 5.158898
0.073235 0.059174 2.778970 2.689539 -0.050830 5.165066
0.075389 0.060885 2.756816 2.702968 -0.033797 5.170849
0.077543 0.062595 2.734716 2.716113 -0.016774 5.176267
0.079697 0.064302 2.712675 2.728968 0.000242 5.181306
0.081851 0.066007 2.690700 2.741530 0.017245 5.185982
0.084005 0.067711 2.668794 2.753795 0.034239 5.190271
0.086159 0.069412 2.646963 2.765759 0.051221 5.194179
0.088313 0.071112 2.625213 2.777418 0.068185 5.197736
0.090467 0.072809 2.603549 2.788769 0.085133 5.200914
0.092621 0.074505 2.581977 2.799807 0.102068 5.203697
0.094775 0.076198 2.560501 2.810529 0.118983 5.206117
0.096929 0.077889 2.539128 2.820933 0.135877 5.208167
0.099083 0.079578 2.517862 2.831013 0.152752 5.209831
0.101237 0.081265 2.496710 2.840769 0.169602 5.211139
0.103391 0.082949 2.475677 2.850196 0.186430 5.212065
0.105545 0.084631 2.454768 2.859291 0.203233 5.212622
0.107699 0.086311 2.433989 2.868053 0.220010 5.212804
0.109853 0.087989 2.413345 2.876478 0.236759 5.212616
0.112007 0.089664 2.392842 2.884564 0.253479 5.212058
0.114161 0.091337 2.372485 2.892309 0.270169 5.211135
0.116315 0.093007 2.352279 2.899710 0.286829 5.209843
0.118469 0.094675 2.332231 2.906766 0.303455 5.208189
0.120623 0.096340 2.312345 2.913474 0.320048 5.206158
0.122777 0.098003 2.292626 2.919833 0.336605 5.203786
0.124931 0.099663 2.273080 2.925842 0.353126 5.201039
0.127085 0.101320 2.253712 2.931499 0.369609 5.197938
0.129239 0.102975 2.234527 2.936803 0.386056 5.194463
0.131393 0.104627 2.215530 2.941753 0.402459 5.190661
0.133547 0.106276 2.196727 2.946347 0.418822 5.186499
0.135701 0.107923 2.178121 2.950586 0.435145 5.181968
0.137855 0.109567 2.159718 2.954468 0.451423 5.177096
0.140009 0.111207 2.141523 2.957993 0.467656 5.171878
0.142163 0.112845 2.123540 2.961161 0.483844 5.166313
0.144317 0.114480 2.105775 2.963972 0.499984 5.160416
0.146471 0.116112 2.088230 2.966426 0.516076 5.154176
0.148625 0.117742 2.070912 2.968523 0.532120 5.147592
0.150779 0.119368 2.053824 2.970263 0.548113 5.140677
0.152933 0.120991 2.036970 2.971648 0.564055 5.133433
0.155087 0.122610 2.020355 2.972677 0.579945 5.125850
0.157241 0.124227 2.003982 2.973352 0.595780 5.117956
0.159395 0.125841 1.987855 2.973673 0.611562 5.109729
0.161549 0.127451 1.971979 2.973643 0.627287 5.101191
0.163703 0.129058 1.956357 2.973261 0.642957 5.092329
0.165857 0.130662 1.940992 2.972530 0.658568 5.083163
0.168011 0.132263 1.925887 2.971452 0.674121 5.073685
0.170165 0.133860 1.911047 2.970027 0.689615 5.063891
0.172319 0.135454 1.896475 2.968259 0.705048 5.053795
0.174473 0.137044 1.882172 2.966149 0.720418 5.043416
0.176627 0.138631 1.868143 2.963700 0.735727 5.032736
0.178781 0.140215 1.854390 2.960913 0.750973 5.021753
0.180934 0.141795 1.840916 2.957792 0.766155 5.010482
0.183088 0.143372 1.827723 2.954339 0.781270 4.998940
0.185242 0.144945 1.814814 2.950557 0.796320 4.987105
0.187396 0.146515 1.802191 2.946449 0.811303 4.975005
0.189550 0.148081 1.789856 2.942019 0.826218 4.962628
0.191704 0.149644 1.777811 2.937268 0.841065 4.949977
0.193858 0.151203 1.766059 2.932201 0.855842 4.937070
0.196012 0.152758 1.754600 2.926820 0.870549 4.923897
0.198166 0.154310 1.743437 2.921131 0.885186 4.910467
0.200320 0.155858 1.732571 2.915135 0.899750 4.896787
0.202474 0.157402 1.722004 2.908838 0.914242 4.882866
0.204628 0.158943 1.711736 2.902243 0.928661 4.868691
0.206782 0.160480 1.701769 2.895354 0.943005 4.854287
0.208936 0.162013 1.692104 2.888175 0.957276 4.839641
0.211090 0.163543 1.682742 2.880710 0.971470 4.824774
0.213244 0.165069 1.673683 2.872964 0.985589 4.809670
0.215398 0.166591 1.664928 2.864940 0.999632 4.794343
0.217552 0.168110 1.656478 2.856645 1.013596 4.778817
0.219706 0.169624 1.648333 2.848081 1.027484 4.763069
0.221860 0.171135 1.640494 2.839254 1.041292 4.747114
0.224014 0.172642 1.632959 2.830168 1.055022 4.730954
0.226168 0.174146 1.625731 2.820828 1.068672 4.714605
0.228322 0.175646 1.618808 2.811239 1.082242 4.698056
0.230476 0.177142 1.612191 2.801406 1.095732 4.681322
0.232630 0.178634 1.605878 2.791334 1.109139 4.664407
0.234784 0.180122 1.599871 2.781027 1.122467 4.647304
0.236938 0.181607 1.594168 2.770491 1.135711 4.630033
0.239092 0.183088 1.588769 2.759730 1.148873 4.612594
0.241246 0.184565 1.583673 2.748751 1.161952 4.594980
0.243400 0.186038 1.578879 2.737557 1.174948 4.577222
0.245554 0.187508 1.574388 2.726154 1.187860 4.559302
0.247708 0.188974 1.570197 2.714548 1.200688 4.541229
0.249862 0.190437 1.566306 2.702743 1.213431 4.523012
0.252016 0.191895 1.562714 2.690744 1.226089 4.504656
0.254170 0.193350 1.559419 2.678558 1.238663 4.486167
0.256324 0.194802 1.556421 2.666188 1.251151 4.467541
0.258478 0.196250 1.553719 2.653640 1.263553 4.448785
0.260632 0.197694 1.551310 2.640920 1.275869 4.429920
0.262786 0.199134 1.549194 2.628033 1.288099 4.410935
0.264940 0.200571 1.547370 2.614983 1.300243 4.391830
0.267094 0.202005 1.545835 2.601776 1.312299 4.372623
0.269248 0.203435 1.544588 2.588417 1.324269 4.353312
0.271402 0.204861 1.543628 2.574912 1.336152 4.333904
0.273556 0.206284 1.542954 2.561264 1.347947 4.314404
0.275710 0.207704 1.542562 2.547480 1.359656 4.294812
0.277864 0.209120 1.542453 2.533564 1.371276 4.275138
0.280018 0.210533 1.542623 2.519521 1.382810 4.255377
0.282172 0.211943 1.543072 2.505357 1.394254 4.235555
0.284326 0.213349 1.543797 2.491076 1.405613 4.215647
0.286480 0.214752 1.544798 2.476682 1.416882 4.195688
0.288634 0.216152 1.546071 2.462181 1.428064 4.175661
0.290788 0.217549 1.547615 2.447578 1.439159 4.155572
0.292942 0.218942 1.549429 2.432876 1.450165 4.135436
0.295096 0.220333 1.551510 2.418082 1.461083 4.115248
0.297250 0.221720 1.553856 2.403198 1.471913 4.095018
0.299403 0.223104 1.556467 2.388230 1.482656 4.074745
0.301557 0.224486 1.559339 2.373181 1.493311 4.054432
0.303711 0.225864 1.562472 2.358057 1.503878 4.034098
0.305865 0.227240 1.565862 2.342862 1.514357 4.013733
0.308019 0.228613 1.569509 2.327599 1.524749 3.993337
0.310173 0.229983 1.573411 2.312273 1.535053 3.972926
0.312327 0.231351 1.577565 2.296887 1.545270 3.952498
0.314481 0.232715 1.581970 2.281446 1.555400 3.932060
0.316635 0.234078 1.586624 2.265953 1.565443 3.911613
0.318789 0.235437 1.591525 2.250413 1.575398 3.891162
0.320943 0.236795 1.596672 2.234828 1.585268 3.870708
0.323097 0.238149 1.602063 2.219202 1.595050 3.850258
0.325251 0.239502 1.607695 2.203539 1.604747 3.829816
0.327405 0.240852 1.613568 2.187842 1.614357 3.809382
0.329559 0.242200 1.619679 2.172114 1.623882 3.788962
0.331713 0.243546 1.626028 2.156358 1.633320 3.768564
0.333867 0.244890 1.632611 2.140578 1.642674 3.748178
0.336021 0.246232 1.639428 2.124776 1.651942 3.727820
0.338175 0.247572 1.646478 2.108955 1.661125 3.707490
0.340329 0.248910 1.653757 2.093119 1.670224 3.687187
0.342483 0.250246 1.661266 2.077268 1.679238 3.666921
0.344637 0.251580 1.669002 2.061407 1.688169 3.646685
0.346791 0.252913 1.676965 2.045537 1.697016 3.626497
0.348945 0.254244 1.685151 2.029661 1.705779 3.606350
0.351099 0.255574 1.693561 2.013780 1.714460 3.586241
0.353253 0.256902 1.702193 1.997898 1.723057 3.566187
0.355407 0.258229 1.711045 1.982016 1.731573 3.546180
0.357561 0.259555 1.720116 1.966136 1.740006 3.526229
0.359715 0.260880 1.729405 1.950260 1.748358 3.506332
0.361869 0.262203 1.738910 1.934389 1.756628 3.486497
0.364023 0.263525 1.748631 1.918525 1.764818 3.466720
0.366177 0.264847 1.758565 1.902669 1.772927 3.447010
0.368331 0.266168 1.768712 1.886824 1.780956 3.427364
0.370485 0.267487 1.779071 1.870989 1.788905 3.407787
0.372639 0.268807 1.789640 1.855167 1.796775 3.388280
0.374793 0.270125 1.800419 1.839359 1.804565 3.368849
0.376947 0.271443 1.811406 1.823564 1.812278 3.349491
0.379101 0.272761 1.822599 1.807785 1.819912 3.330210
0.381255 0.274078 1.833999 1.792022 1.827468 3.311012
0.383409 0.275395 1.845604 1.776276 1.834948 3.291892
0.385563 0.276712 1.857412 1.760547 1.842350 3.272857
0.387717 0.278029 1.869423 1.744836 1.849676 3.253906
0.389871 0.279346 1.881636 1.729143 1.856927 3.235043
0.392025 0.280663 1.894050 1.713469 1.864101 3.216272
0.394179 0.281981 1.906663 1.697814 1.871201 3.197587
0.396333 0.283298 1.919475 1.682177 1.878225 3.178997
0.398487 0.284616 1.932485 1.666559 1.885176 3.160503
0.400641 0.285935 1.945691 1.650961 1.892053 3.142100
0.402795 0.287254 1.959092 1.635381 1.898857 3.123799
0.404949 0.288574 1.972688 1.619820 1.905588 3.105593
0.407103 0.289895 1.986477 1.604277 1.912247 3.087490
0.409257 0.291217 2.000458 1.588753 1.918834 3.069486
0.411411 0.292540 2.014631 1.573246 1.925350 3.051587
0.413565 0.293864 2.028994 1.557756 1.931794 3.033791
0.415719 0.295189 2.043545 1.542283 1.938169 3.016101
0.417873 0.296515 2.058284 1.526826 1.944473 2.998519
0.420026 0.297843 2.073209 1.511384 1.950708 2.981042
0.422180 0.299173 2.088320 1.495957 1.956874 2.963675
0.424334 0.300504 2.103614 1.480544 1.962971 2.946419
0.426488 0.301837 2.119091 1.465143 1.969000 2.929275
0.428642 0.303172 2.134749 1.449755 1.974962 2.912241
0.430796 0.304508 2.150587 1.434378 1.980856 2.895321
0.432950 0.305847 2.166602 1.419011 1.986684 2.878514
0.435104 0.307188 2.182795 1.403653 1.992445 2.861824
0.437258 0.308532 2.199162 1.388303 1.998141 2.845248
0.439412 0.309877 2.215703 1.372960 2.003771 2.828788
0.441566 0.311226 2.232415 1.357623 2.009336 2.812448
0.443720 0.312576 2.249297 1.342290 2.014839 2.796223
0.445874 0.313930 2.266347 1.326961 2.020276 2.780119
0.448028 0.315287 2.283563 1.311633 2.025651 2.764134
0.450182 0.316646 2.300942 1.296306 2.030962 2.748267
0.452336 0.318008 2.318483 1.280979 2.036211 2.732523
0.454490 0.319374 2.336184 1.265650 2.041398 2.716900
0.456644 0.320743 2.354041 1.250318 2.046523 2.701398
0.458798 0.322115 2.372054 1.234981 2.051588 2.686019
0.460952 0.323491 2.390218 1.219638 2.056591 2.670763
0.463106 0.324871 2.408532 1.204288 2.061535 2.655631
0.465260 0.326254 2.426992 1.188929 2.066419 2.640621
0.467414 0.327641 2.445596 1.173560 2.071243 2.625737
0.469568 0.329032 2.464341 1.158180 2.076009 2.610977
0.471722 0.330427 2.483223 1.142787 2.080717 2.596341
0.473876 0.331826 2.502240 1.127381 2.085366 2.581832
0.476030 0.333230 2.521388 1.111958 2.089959 2.567447
0.478184 0.334638 2.540663 1.096520 2.094494 2.553191
0.480338 0.336050 2.560063 1.081063 2.098972 2.539058
0.482492 0.337467 2.579582 1.065587 2.103394 2.525054
0.484646 0.338889 2.599218 1.050090 2.107761 2.511176
0.486800 0.340316 2.618965 1.034572 2.112072 2.497426
0.488954 0.341748 2.638821 1.019031 2.116329 2.483801
0.491108 0.343185 2.658780 1.003466 2.120530 2.470307
0.493262 0.344627 2.678838 0.987876 2.124678 2.456938
0.495416 0.346074 2.698991 0.972260 2.128771 2.443698
0.497570 0.347527 2.719233 0.956616 2.132811 2.430587
0.499724 0.348985 2.739559 0.940945 2.136800 2.417602
0.501878 0.350449 2.759965 0.925244 2.140735 2.404747
0.504032 0.351919 2.780445 0.909514 2.144618 2.392020
0.506186 0.353394 2.800993 0.893753 2.148450 2.379422
0.508340 0.354876 2.821604 0.877961 2.152230 2.366952
0.510494 0.356364 2.842273 0.862137 2.155960 2.354611
0.512648 0.357857 2.862992 0.846281 2.159639 2.342399
0.514802 0.359358 2.883756 0.830391 2.163267 2.330316
0.516956 0.360864 2.904559 0.814468 2.166846 2.318362
0.519110 0.362377 2.925394 0.798511 2.170376 2.306537
0.521264 0.363897 2.946254 0.782520 2.173856 2.294841
0.523418 0.365424 2.967132 0.766495 2.177288 2.283275
0.525572 0.366957 2.988022 0.750435 2.180671 2.271836
0.527726 0.368497 3.008916 0.734341 2.184007 2.260529
0.529880 0.370045 3.029807 0.718213 2.187295 2.249349
0.532034 0.371599 3.050687 0.702051 2.190536 2.238299
0.534188 0.373161 3.071549 0.685855 2.193729 2.227378
0.536342 0.374730 3.092384 0.669625 2.196876 2.216587
0.538496 0.376307 3.113185 0.653363 2.199977 2.205924
0.540649 0.377891 3.133942 0.637069 2.203031 2.195392
0.542803 0.379483 3.154649 0.620743 2.206041 2.184987
0.544957 0.381082 3.175296 0.604386 2.209005 2.174711
0.547111 0.382690 3.195874 0.588000 2.211923 2.164566
0.549265 0.384305 3.216375 0.571585 2.214798 2.154549
0.551419 0.385929 3.236789 0.555142 2.217627 2.144662
0.553573 0.387561 3.257107 0.538674 2.220413 2.134903
0.555727 0.389201 3.277321 0.522180 2.223155 2.125274
0.557881 0.390849 3.297419 0.505664 2.225853 2.115774
0.560035 0.392506 3.317393 0.489126 2.228509 2.106401
0.562189 0.394171 3.337233 0.472568 2.231120 2.097160
0.564343 0.395845 3.356929 0.455992 2.233691 2.088045
0.566497 0.397528 3.376470 0.439401 2.236217 2.079060
0.568651 0.399219 3.395847 0.422797 2.238703 2.070203
0.570805 0.400920 3.415050 0.406181 2.241147 2.061476
0.572959 0.402629 3.434066 0.389557 2.243549 2.052877
0.575113 0.404347 3.452887 0.372926 2.245910 2.044406
0.577267 0.406075 3.471502 0.356293 2.248229 2.036065
0.579421 0.407812 3.489899 0.339659 2.250508 2.027852
0.581575 0.409558 3.508068 0.323028 2.252746 2.019767
0.583729 0.411313 3.525998 0.306402 2.254944 2.011812
0.585883 0.413078 3.543678 0.289786 2.257102 2.003984
0.588037 0.414852 3.561097 0.273182 2.259220 1.996284
0.590191 0.416636 3.578243 0.256594 2.261299 1.988714
0.592345 0.418430 3.595105 0.240027 2.263338 1.981271
0.594499 0.420233 3.611673 0.223483 2.265338 1.973957
0.596653 0.422046 3.627935 0.206966 2.267299 1.966771
0.598807 0.423869 3.643879 0.190482 2.269221 1.959713
0.600961 0.425702 3.659494 0.174033 2.271105 1.952783
0.603115 0.427545 3.674769 0.157625 2.272951 1.945982
0.605269 0.429398 3.689692 0.141263 2.274759 1.939308
0.607423 0.431261 3.704253 0.124949 2.276528 1.932764
0.609577 0.433134 3.718439 0.108691 2.278261 1.926346
0.611731 0.435017 3.732240 0.092491 2.279954 1.920057
0.613885 0.436911 3.745644 0.076357 2.281612 1.913896
0.616039 0.438815 3.758639 0.060291 2.283231 1.907863
0.618193 0.440729 3.771215 0.044301 2.284815 1.901957
0.620347 0.442654 3.783361 0.028391 2.286361 1.896180
0.622501 0.444589 3.795066 0.012567 2.287869 1.890532
0.624655 0.446535 3.806318 -0.003165 2.289343 1.885009
0.626809 0.448491 3.817106 -0.018800 2.290779 1.879617
0.628963 0.450457 3.827421 -0.034332 2.292181 1.874350
0.631117 0.452435 3.837251 -0.049755 2.293546 1.869211
0.633271 0.454423 3.846586 -0.065063 2.294874 1.864201
0.635425 0.456421 3.855416 -0.080249 2.296168 1.859319
0.637579 0.458431 3.863729 -0.095308 2.297425 1.854564
0.639733 0.460451 3.871517 -0.110232 2.298647 1.849937
0.641887 0.462481 3.878770 -0.125016 2.299835 1.845438
0.644041 0.464523 3.885477 -0.139653 2.300987 1.841066
0.646195 0.466575 3.891629 -0.154137 2.302103 1.836822
0.648349 0.468638 3.897217 -0.168460 2.303186 1.832705
0.650503 0.470712 3.902232 -0.182615 2.304233 1.828717
0.652657 0.472796 3.906666 -0.196597 2.305246 1.824856
0.654811 0.474892 3.910509 -0.210399 2.306223 1.821123
0.656965 0.476998 3.913753 -0.224012 2.307167 1.817517
0.659118 0.479115 3.916390 -0.237431 2.308076 1.814039
0.661272 0.481242 3.918412 -0.250647 2.308951 1.810688
0.663426 0.483381 3.919812 -0.263655 2.309793 1.807465
0.665580 0.485531 3.920583 -0.276447 2.310599 1.804369
0.667734 0.487691 3.920718 -0.289016 2.311373 1.801401
0.669888 0.489862 3.920210 -0.301354 2.312112 1.798561
0.672042 0.492043 3.919052 -0.313455 2.312818 1.795847
0.674196 0.494236 3.917239 -0.325311 2.313490 1.793261
0.676350 0.496439 3.914766 -0.336915 2.314128 1.790803
0.678504 0.498653 3.911626 -0.348261 2.314732 1.788473
0.680658 0.500878 3.907816 -0.359339 2.315304 1.786269
0.682812 0.503113 3.903330 -0.370144 2.315841 1.784194
0.684966 0.505359 3.898165 -0.380669 2.316347 1.782243
0.687120 0.507616 3.892316 -0.390905 2.316818 1.780423
0.689274 0.509883 3.885781 -0.400847 2.317257 1.778728
0.691428 0.512161 3.878556 -0.410486 2.317662 1.777161
0.693582 0.514449 3.870638 -0.419816 2.318035 1.775721
0.695736 0.516747 3.862026 -0.428830 2.318374 1.774408
0.697890 0.519056 3.852718 -0.437521 2.318680 1.773222
0.700044 0.521376 3.842713 -0.445882 2.318953 1.772164
0.702198 0.523705 3.832009 -0.453905 2.319193 1.771232
0.704352 0.526045 3.820606 -0.461586 2.319401 1.770426
0.706506 0.528395 3.808504 -0.468916 2.319576 1.769749
0.708660 0.530756 3.795704 -0.475889 2.319718 1.769198
0.710814 0.533126 3.782206 -0.482498 2.319827 1.768774
0.712968 0.535507 3.768012 -0.488738 2.319903 1.768476
0.715122 0.537897 3.753123 -0.494602 2.319947 1.768305
0.717276 0.540297 3.737542 -0.500083 2.319958 1.768260
0.719430 0.542707 3.721271 -0.505176 2.319936 1.768342
0.721584 0.545127 3.704313 -0.509875 2.319881 1.768552
0.723738 0.547557 3.686673 -0.514173 2.319795 1.768886
0.725892 0.549996 3.668353 -0.518066 2.319675 1.769348
0.728046 0.552444 3.649359 -0.521547 2.319523 1.769934
0.730200 0.554902 3.629696 -0.524611 2.319338 1.770646
0.732354 0.557370 3.609368 -0.527253 2.319120 1.771486
0.734508 0.559846 3.588382 -0.529467 2.318870 1.772450
0.736662 0.562332 3.566745 -0.531250 2.318587 1.773541
0.738816 0.564827 3.544462 -0.532595 2.318271 1.774758
0.740970 0.567331 3.521541 -0.533498 2.317922 1.776100
0.743124 0.569844 3.497989 -0.533955 2.317540 1.777568
0.745278 0.572366 3.473816 -0.533962 2.317127 1.779159
0.747432 0.574896 3.449029 -0.533514 2.316680 1.780876
0.749586 0.577435 3.423636 -0.532608 2.316200 1.782719
0.751740 0.579983 3.397649 -0.531239 2.315688 1.784686
0.753894 0.582539 3.371076 -0.529404 2.315142 1.786778
0.756048 0.585103 3.343927 -0.527100 2.314564 1.788994
0.758202 0.587675 3.316214 -0.524324 2.313952 1.791335
0.760356 0.590256 3.287947 -0.521072 2.313308 1.793798
0.762510 0.592844 3.259138 -0.517342 2.312630 1.796388
0.764664 0.595441 3.229798 -0.513131 2.311920 1.799100
0.766818 0.598045 3.199939 -0.508438 2.311175 1.801937
0.768972 0.600657 3.169575 -0.503259 2.310399 1.804895
0.771126 0.603276 3.138717 -0.497593 2.309587 1.807979
0.773280 0.605902 3.107380 -0.491439 2.308745 1.811183
0.775434 0.608536 3.075576 -0.484794 2.307866 1.814513
0.777588 0.611177 3.043320 -0.477657 2.306955 1.817964
0.779741 0.613826 3.010626 -0.470029 2.306011 1.821537
0.781895 0.616481 2.977508 -0.461906 2.305032 1.825234
0.784049 0.619142 2.943981 -0.453290 2.304021 1.829050
0.786203 0.621811 2.910060 -0.444179 2.302974 1.832990
0.788357 0.624486 2.875761 -0.434574 2.301894 1.837049
0.790511 0.627167 2.841098 -0.424474 2.300781 1.841230
0.792665 0.629855 2.806089 -0.413880 2.299632 1.845533
0.794819 0.632549 2.770749 -0.402793 2.298450 1.849955
0.796973 0.635249 2.735093 -0.391212 2.297233 1.854498
0.799127 0.637955 2.699140 -0.379140 2.295982 1.859162
0.801281 0.640666 2.662905 -0.366576 2.294696 1.863944
0.803435 0.643383 2.626405 -0.353523 2.293376 1.868846
0.805589 0.646106 2.589658 -0.339983 2.292021 1.873866
0.807743 0.648834 2.552679 -0.325956 2.290630 1.879008
0.809897 0.651567 2.515488 -0.311445 2.289205 1.884266
0.812051 0.654306 2.478101 -0.296452 2.287744 1.889641
0.814205 0.657049 2.440535 -0.280980 2.286249 1.895134
0.816359 0.659797 2.402809 -0.265032 2.284718 1.900745
0.818513 0.662550 2.364940 -0.248609 2.283151 1.906475
0.820667 0.665308 2.326946 -0.231716 2.281548 1.912320
0.822821 0.668069 2.288844 -0.214355 2.279910 1.918280
0.824975 0.670836 2.250653 -0.196530 2.278235 1.924357
0.827129 0.673606 2.212390 -0.178244 2.276525 1.930550
0.829283 0.676380 2.174073 -0.159502 2.274778 1.936856
0.831437 0.679158 2.135720 -0.140306 2.272994 1.943279
0.833591 0.681940 2.097350 -0.120663 2.271175 1.949814
0.835745 0.684726 2.058979 -0.100575 2.269317 1.956465
0.837899 0.687515 2.020626 -0.080047 2.267423 1.963228
0.840053 0.690308 1.982308 -0.059084 2.265492 1.970103
0.842207 0.693104 1.944043 -0.037690 2.263522 1.977093
0.844361 0.695902 1.905848 -0.015872 2.261518 1.984191
0.846515 0.698704 1.867741 0.006367 2.259473 1.991404
0.848669 0.701509 1.829740 0.029021 2.257392 1.998724
0.850823 0.704316 1.791861 0.052085 2.255271 2.006159
0.852977 0.707126 1.754121 0.075552 2.253114 2.013703
0.855131 0.709939 1.716538 0.099418 2.250917 2.021353
0.857285 0.712754 1.679129 0.123677 2.248682 2.029113
0.859439 0.715571 1.641909 0.148323 2.246409 2.036982
0.861593 0.718390 1.604895 0.173350 2.244095 2.044961
0.863747 0.721211 1.568104 0.198751 2.241742 2.053043
0.865901 0.724034 1.531551 0.224521 2.239350 2.061232
0.868055 0.726859 1.495252 0.250654 2.236918 2.069529
0.870209 0.729685 1.459223 0.277142 2.234446 2.077930
0.872363 0.732513 1.423479 0.303980 2.231935 2.086433
0.874517 0.735342 1.388035 0.331162 2.229382 2.095043
0.876671 0.738173 1.352906 0.358680 2.226790 2.103753
0.878825 0.741004 1.318106 0.386528 2.224155 2.112569
0.880979 0.743837 1.283650 0.414700 2.221480 2.121484
0.883133 0.746671 1.249552 0.443188 2.218764 2.130501
0.885287 0.749505 1.215825 0.471987 2.216006 2.139618
0.887441 0.752341 1.182483 0.501088 2.213205 2.148837
0.889595 0.755177 1.149539 0.530487 2.210366 2.158150
0.891749 0.758013 1.117006 0.560175 2.207479 2.167563
0.893903 0.760850 1.084895 0.590146 2.204554 2.177071
0.896057 0.763687 1.053220 0.620393 2.201584 2.186681
0.898210 0.766525 1.021993 0.650909 2.198571 2.196377
0.900364 0.769362 0.991224 0.681688 2.195514 2.206170
0.902518 0.772200 0.960925 0.712723 2.192414 2.216059
0.904672 0.775038 0.931107 0.744008 2.189272 2.226038
0.906826 0.777876 0.901780 0.775534 2.186082 2.236109
0.908980 0.780713 0.872954 0.807296 2.182852 2.246269
0.911134 0.783550 0.844640 0.839288 2.179574 2.256525
0.913288 0.786387 0.816847 0.871501 2.176252 2.266866
0.915442 0.789223 0.789583 0.903931 2.172886 2.277292
0.917596 0.792059 0.762858 0.936570 2.169473 2.287805
0.919750 0.794895 0.736681 0.969413 2.166016 2.298400
0.921904 0.797729 0.711059 1.002452 2.162512 2.309081
0.924058 0.800563 0.685999 1.035681 2.158962 2.319838
0.926212 0.803397 0.661510 1.069095 2.155365 2.330685
0.928366 0.806229 0.637599 1.102687 2.151721 2.341608
0.930520 0.809061 0.614272 1.136451 2.148029 2.352613
0.932674 0.811891 0.591535 1.170382 2.144292 2.363691
0.934828 0.814721 0.569395 1.204473 2.140505 2.374840
0.936982 0.817550 0.547857 1.238718 2.136673 2.386063
0.939136 0.820377 0.526927 1.273113 2.132793 2.397365
0.941290 0.823203 0.506609 1.307651 2.128860 2.408732
0.943444 0.826029 0.486908 1.342328 2.124881 2.420170
0.945598 0.828853 0.467829 1.377137 2.120854 2.431682
0.947752 0.831675 0.449376 1.412075 2.116778 2.443256
0.949906 0.834497 0.431552 1.447135 2.112652 2.454888
0.952060 0.837317 0.414361 1.482314 2.108475 2.466586
0.954214 0.840135 0.397806 1.517605 2.104250 2.478346
0.956368 0.842953 0.381890 1.553006 2.099973 2.490162
0.958522 0.845769 0.366614 1.588510 2.095646 2.502032
0.960676 0.848583 0.351982 1.624115 2.091270 2.513952
0.962830 0.851396 0.337995 1.659815 2.086840 2.525927
0.964984 0.854208 0.324655 1.695607 2.082365 2.537947
0.967138 0.857018 0.311963 1.731487 2.077832 2.550019
0.969292 0.859827 0.299921 1.767451 2.073254 2.562140
0.971446 0.862634 0.288528 1.803496 2.068620 2.574307
0.973600 0.865440 0.277786 1.839618 2.063937 2.586512
0.975754 0.868245 0.267695 1.875814 2.059201 2.598757
0.977908 0.871047 0.258255 1.912081 2.054412 2.611019
0.980062 0.873849 0.249466 1.948416 2.049575 2.623310
0.982216 0.876649 0.241327 1.984817 2.044689 2.635641
0.984370 0.879447 0.233838 2.021280 2.039740 2.647995
0.986524 0.882244 0.226998 2.057803 2.034739 2.660381
0.988678 0.885040 0.220805 2.094384 2.029695 2.672784
0.990832 0.887834 0.215260 2.131021 2.024597 2.685184
0.992986 0.890627 0.210359 2.167712 2.019445 2.697595
0.995140 0.893419 0.206102 2.204454 2.014237 2.710023
0.997294 0.896209 0.202487 2.241248 2.008980 2.722455
0.999448 0.898998 0.199512 2.278090 2.003672 2.734877
1.001602 0.901786 0.197174 2.314980 1.998310 2.747295
1.003756 0.904572 0.195472 2.351917 1.992902 2.759700
1.005910 0.907358 0.194402 2.388899 1.987438 2.772099
1.008064 0.910142 0.193963 2.425926 1.981931 2.784474
1.010218 0.912925 0.194151 2.462997 1.976368 2.796817
1.012372 0.915707 0.194964 2.500112 1.970757 2.809138
1.014526 0.918489 0.196399 2.537269 1.965103 2.821414
1.016680 0.921269 0.198453 2.574470 1.959395 2.833634
1.018833 0.924048 0.201122 2.611714 1.953641 2.845817
1.020987 0.926827 0.204403 2.649000 1.947838 2.857900
1.023141 0.929605 0.208294 2.686330 1.942004 2.869883
1.025295 0.932382 0.212789 2.723703 1.936142 2.881827
1.027449 0.935158 0.217887 2.761120 1.930204 2.893705
1.029603 0.937934 0.223582 2.798582 1.924242 2.905465
1.031757 0.940710 0.229872 2.836090 1.918264 2.917080
1.033911 0.943485 0.236754 2.873644 1.912267 2.928504
1.036065 0.946260 0.244222 2.911245 1.906226 2.939794
1.038219 0.949035 0.252273 2.948895 1.900169 2.950913
1.040373 0.951809 0.260903 2.986594 1.894111 2.961811
1.042527 0.954584 0.270109 3.024345 1.888053 2.972421
1.044681 0.957358 0.279886 3.062148 1.882003 2.982750
1.046835 0.960133 0.290231 3.100006 1.875989 2.992699
1.048989 0.962907 0.301138 3.137919 1.870018 3.002259
1.051143 0.965682 0.312605 3.175891 1.864138 3.011202
1.053297 0.968458 0.324628 3.213922 1.858355 3.019565
1.055451 0.971234 0.337201 3.252014 1.852741 3.027035
1.057605 0.974010 0.350321 3.290171 1.847385 3.033405
1.059759 0.976788 0.363985 3.328393 1.842386 3.038264
1.061913 0.979566 0.378187 3.366684 1.837889 3.041097
1.064067 0.982345 0.392924 3.405045 1.834220 3.040838
1.066221 0.985125 0.408192 3.443479 1.832011 3.035491
1.068375 0.987906 0.423986 3.481989 1.832380 3.022019
1.070529 0.990689 0.440302 3.520576 1.837347 2.992821
1.072683 0.993473 0.457137 3.559244 1.854595 2.924405
1.074837 0.996258 0.474487 3.597995 1.919969 2.712040
1.076991 0.999045 0.492346 3.636831 1.919969 2.712040
