0.000000 0.000000 0.000000
0.000731 -0.002026 0.000000
0.001474 -0.004048 0.000000
0.002230 -0.006065 0.000000
0.002999 -0.008077 0.000000
0.003781 -0.010084 0.000000
0.004575 -0.012086 0.000000
0.005382 -0.014083 0.000000
0.006201 -0.016076 0.000000
0.007032 -0.018063 0.000000
0.007876 -0.020044 0.000000
0.008733 -0.022020 0.000000
0.009602 -0.023991 0.000000
0.010483 -0.025957 0.000000
0.011377 -0.027917 0.000000
0.012283 -0.029871 0.000000
0.013201 -0.031819 0.000000
0.014132 -0.033762 0.000000
0.015074 -0.035699 0.000000
0.016029 -0.037629 0.000000
0.016996 -0.039554 0.000000
0.017975 -0.041473 0.000000
0.018966 -0.043385 0.000000
0.019969 -0.045292 0.000000
0.020984 -0.047191 0.000000
0.022011 -0.049085 0.000000
0.023050 -0.050972 0.000000
0.024100 -0.052852 0.000000
0.025163 -0.054726 0.000000
0.026237 -0.056593 0.000000
0.027323 -0.058453 0.000000
0.028420 -0.060307 0.000000
0.029529 -0.062153 0.000000
0.030650 -0.063992 0.000000
0.031782 -0.065825 0.000000
0.032926 -0.067650 0.000000
0.034081 -0.069468 0.000000
0.035248 -0.071279 0.000000
0.036426 -0.073082 0.000000
0.037615 -0.074878 0.000000
0.038816 -0.076666 0.000000
0.040027 -0.078447 0.000000
0.041250 -0.080220 0.000000
0.042484 -0.081986 0.000000
0.043729 -0.083744 0.000000
0.044985 -0.085493 0.000000
0.046252 -0.087235 0.000000
0.047530 -0.088969 0.000000
0.048819 -0.090695 0.000000
0.050119 -0.092413 0.000000
0.051429 -0.094122 0.000000
0.052750 -0.095823 0.000000
0.054082 -0.097516 0.000000
0.055425 -0.099201 0.000000
0.056778 -0.100877 0.000000
0.058141 -0.102544 0.000000
0.059515 -0.104203 0.000000
0.060899 -0.105853 0.000000
0.062294 -0.107495 0.000000
0.063699 -0.109127 0.000000
0.065114 -0.110751 0.000000
0.066540 -0.112366 0.000000
0.067975 -0.113972 0.000000
0.069421 -0.115569 0.000000
0.070876 -0.117157 0.000000
0.072342 -0.118735 0.000000
0.073817 -0.120305 0.000000
0.075302 -0.121865 0.000000
0.076797 -0.123415 0.000000
0.078302 -0.124957 0.000000
0.079816 -0.126488 0.000000
0.081340 -0.128010 0.000000
0.082874 -0.129523 0.000000
0.084417 -0.131026 0.000000
0.085969 -0.132519 0.000000
0.087531 -0.134003 0.000000
0.089102 -0.135476 0.000000
0.090682 -0.136940 0.000000
0.092272 -0.138394 0.000000
0.093870 -0.139838 0.000000
0.095478 -0.141271 0.000000
0.097094 -0.142695 0.000000
0.098720 -0.144108 0.000000
0.100354 -0.145511 0.000000
0.101997 -0.146904 0.000000
0.103649 -0.148286 0.000000
0.105309 -0.149658 0.000000
0.106978 -0.151020 0.000000
0.108656 -0.152371 0.000000
0.110342 -0.153712 0.000000
0.112036 -0.155041 0.000000
0.113739 -0.156361 0.000000
0.115450 -0.157669 0.000000
0.117169 -0.158967 0.000000
0.118896 -0.160254 0.000000
0.120632 -0.161530 0.000000
0.122375 -0.162795 0.000000
0.124126 -0.164049 0.000000
0.125885 -0.165292 0.000000
0.127652 -0.166524 0.000000
0.129427 -0.167745 0.000000
0.131209 -0.168955 0.000000
0.132999 -0.170153 0.000000
0.134796 -0.171340 0.000000
0.136601 -0.172516 0.000000
0.138413 -0.173681 0.000000
0.140232 -0.174834 0.000000
0.142059 -0.175975 0.000000
0.143892 -0.177106 0.000000
0.145733 -0.178224 0.000000
0.147581 -0.179331 0.000000
0.149435 -0.180427 0.000000
0.151297 -0.181511 0.000000
0.153165 -0.182582 0.000000
0.155040 -0.183643 0.000000
0.156922 -0.184691 0.000000
0.158810 -0.185728 0.000000
0.160704 -0.186752 0.000000
0.162605 -0.187765 0.000000
0.164513 -0.188766 0.000000
0.166426 -0.189755 0.000000
0.168346 -0.190732 0.000000
0.170272 -0.191696 0.000000
0.172204 -0.192649 0.000000
0.174142 -0.193589 0.000000
0.176085 -0.194518 0.000000
0.178035 -0.195434 0.000000
0.179990 -0.196337 0.000000
0.181951 -0.197229 0.000000
0.183917 -0.198108 0.000000
0.185889 -0.198975 0.000000
0.187867 -0.199829 0.000000
0.189849 -0.200671 0.000000
0.191837 -0.201500 0.000000
0.193830 -0.202317 0.000000
0.195828 -0.203122 0.000000
0.197831 -0.203913 0.000000
0.199839 -0.204692 0.000000
0.201852 -0.205459 0.000000
0.203870 -0.206213 0.000000
0.205893 -0.206954 0.000000
0.207920 -0.207683 0.000000
0.209951 -0.208398 0.000000
0.211987 -0.209101 0.000000
0.214028 -0.209791 0.000000
0.216073 -0.210469 0.000000
0.218121 -0.211133 0.000000
0.220174 -0.211785 0.000000
0.222231 -0.212423 0.000000
0.224293 -0.213049 0.000000
0.226358 -0.213662 0.000000
0.228426 -0.214262 0.000000
0.230499 -0.214848 0.000000
0.232575 -0.215422 0.000000
0.234655 -0.215982 0.000000
0.236738 -0.216530 0.000000
0.238825 -0.217065 0.000000
0.240914 -0.217586 0.000000
0.243008 -0.218094 0.000000
0.245104 -0.218589 0.000000
0.247204 -0.219072 0.000000
0.249306 -0.219540 0.000000
0.251411 -0.219995 0.000000
0.253519 -0.220438 0.000000
0.255630 -0.220867 0.000000
0.257743 -0.221282 0.000000
0.259859 -0.221685 0.000000
0.261978 -0.222074 0.000000
0.264099 -0.222449 0.000000
0.266222 -0.222812 0.000000
0.268348 -0.223161 0.000000
0.270475 -0.223497 0.000000
0.272605 -0.223819 0.000000
0.274737 -0.224128 0.000000
0.276870 -0.224424 0.000000
0.279006 -0.224706 0.000000
0.281143 -0.224975 0.000000
0.283282 -0.225230 0.000000
0.285422 -0.225472 0.000000
0.287564 -0.225700 0.000000
0.289707 -0.225915 0.000000
0.291852 -0.226117 0.000000
0.293997 -0.226304 0.000000
0.296144 -0.226479 0.000000
0.298292 -0.226640 0.000000
0.300441 -0.226788 0.000000
0.302591 -0.226922 0.000000
0.304741 -0.227042 0.000000
0.306893 -0.227149 0.000000
0.309045 -0.227243 0.000000
0.311197 -0.227323 0.000000
0.313350 -0.227389 0.000000
0.315504 -0.227442 0.000000
0.317657 -0.227481 0.000000
0.319811 -0.227507 0.000000
0.321965 -0.227520 0.000000
0.324119 -0.227518 0.000000
0.326273 -0.227504 0.000000
0.328426 -0.227475 0.000000
0.330580 -0.227433 0.000000
0.332733 -0.227378 0.000000
0.334886 -0.227309 0.000000
0.337038 -0.227227 0.000000
0.339190 -0.227131 0.000000
0.341342 -0.227022 0.000000
0.343492 -0.226898 0.000000
0.345642 -0.226762 0.000000
0.347790 -0.226612 0.000000
0.349938 -0.226448 0.000000
0.352085 -0.226272 0.000000
0.354230 -0.226081 0.000000
0.356375 -0.225877 0.000000
0.358518 -0.225660 0.000000
0.360659 -0.225429 0.000000
0.362799 -0.225185 0.000000
0.364938 -0.224927 0.000000
0.367075 -0.224656 0.000000
0.369210 -0.224371 0.000000
0.371343 -0.224073 0.000000
0.373474 -0.223762 0.000000
0.375604 -0.223437 0.000000
0.377731 -0.223099 0.000000
0.379856 -0.222747 0.000000
0.381979 -0.222382 0.000000
0.384100 -0.222004 0.000000
0.386218 -0.221613 0.000000
0.388333 -0.221208 0.000000
0.390446 -0.220790 0.000000
0.392556 -0.220358 0.000000
0.394664 -0.219914 0.000000
0.396769 -0.219456 0.000000
0.398871 -0.218985 0.000000
0.400970 -0.218501 0.000000
0.403065 -0.218003 0.000000
0.405158 -0.217492 0.000000
0.407247 -0.216969 0.000000
0.409333 -0.216432 0.000000
0.411416 -0.215882 0.000000
0.413495 -0.215319 0.000000
0.415570 -0.214743 0.000000
0.417642 -0.214154 0.000000
0.419710 -0.213551 0.000000
0.421774 -0.212936 0.000000
0.423835 -0.212308 0.000000
0.425892 -0.211667 0.000000
0.427943 -0.211013 0.000000
0.429992 -0.210347 0.000000
0.432036 -0.209667 0.000000
0.434075 -0.208974 0.000000
0.436110 -0.208269 0.000000
0.438141 -0.207551 0.000000
0.440168 -0.206820 0.000000
0.442189 -0.206077 0.000000
0.444206 -0.205321 0.000000
0.446218 -0.204552 0.000000
0.448225 -0.203770 0.000000
0.450228 -0.202976 0.000000
0.452225 -0.202170 0.000000
0.454217 -0.201350 0.000000
0.456204 -0.200519 0.000000
0.458186 -0.199675 0.000000
0.460162 -0.198818 0.000000
0.462133 -0.197949 0.000000
0.464098 -0.197068 0.000000
0.466058 -0.196174 0.000000
0.468012 -0.195268 0.000000
0.469960 -0.194350 0.000000
0.471903 -0.193419 0.000000
0.473840 -0.192477 0.000000
0.475771 -0.191522 0.000000
0.477696 -0.190555 0.000000
0.479614 -0.189576 0.000000
0.481527 -0.188585 0.000000
0.483433 -0.187582 0.000000
0.485332 -0.186567 0.000000
0.487226 -0.185540 0.000000
0.489113 -0.184502 0.000000
0.490993 -0.183451 0.000000
0.492867 -0.182388 0.000000
0.494734 -0.181314 0.000000
0.496595 -0.180229 0.000000
0.498448 -0.179131 0.000000
0.500294 -0.178022 0.000000
0.502134 -0.176901 0.000000
0.503966 -0.175769 0.000000
0.505791 -0.174625 0.000000
0.507609 -0.173470 0.000000
0.509420 -0.172303 0.000000
0.511223 -0.171125 0.000000
0.513019 -0.169936 0.000000
0.514808 -0.168736 0.000000
0.516588 -0.167524 0.000000
0.518362 -0.166301 0.000000
0.520127 -0.165067 0.000000
0.521884 -0.163822 0.000000
0.523634 -0.162566 0.000000
0.525377 -0.161299 0.000000
0.527110 -0.160021 0.000000
0.528836 -0.158732 0.000000
0.530554 -0.157432 0.000000
0.532263 -0.156122 0.000000
0.533964 -0.154801 0.000000
0.535657 -0.153469 0.000000
0.537342 -0.152126 0.000000
0.539018 -0.150774 0.000000
0.540685 -0.149410 0.000000
0.542344 -0.148036 0.000000
0.543994 -0.146652 0.000000
0.545636 -0.145257 0.000000
0.547268 -0.143852 0.000000
0.548893 -0.142437 0.000000
0.550507 -0.141011 0.000000
0.552113 -0.139576 0.000000
0.553710 -0.138130 0.000000
0.555298 -0.136675 0.000000
0.556876 -0.135209 0.000000
0.558447 -0.133734 0.000000
0.560006 -0.132249 0.000000
0.561557 -0.130754 0.000000
0.563098 -0.129249 0.000000
0.564630 -0.127735 0.000000
0.566152 -0.126211 0.000000
0.567664 -0.124677 0.000000
0.569167 -0.123134 0.000000
0.570661 -0.121582 0.000000
0.572144 -0.120020 0.000000
0.573618 -0.118449 0.000000
0.575081 -0.116869 0.000000
0.576535 -0.115279 0.000000
0.577979 -0.113681 0.000000
0.579413 -0.112073 0.000000
0.580836 -0.110457 0.000000
0.582249 -0.108831 0.000000
0.583652 -0.107197 0.000000
0.585045 -0.105554 0.000000
0.586427 -0.103902 0.000000
0.587800 -0.102242 0.000000
0.589161 -0.100573 0.000000
0.590512 -0.098895 0.000000
0.591853 -0.097209 0.000000
0.593183 -0.095515 0.000000
0.594502 -0.093812 0.000000
0.595810 -0.092101 0.000000
0.597108 -0.090382 0.000000
0.598395 -0.088655 0.000000
0.599671 -0.086919 0.000000
0.600936 -0.085176 0.000000
0.602190 -0.083425 0.000000
0.603433 -0.081666 0.000000
0.604665 -0.079899 0.000000
0.605886 -0.078124 0.000000
0.607096 -0.076342 0.000000
0.608294 -0.074552 0.000000
0.609482 -0.072755 0.000000
0.610657 -0.070950 0.000000
0.611822 -0.069138 0.000000
0.612975 -0.067319 0.000000
0.614117 -0.065492 0.000000
0.615246 -0.063659 0.000000
0.616365 -0.061818 0.000000
0.617472 -0.059970 0.000000
0.618568 -0.058116 0.000000
0.619652 -0.056254 0.000000
0.620724 -0.054386 0.000000
0.621785 -0.052511 0.000000
0.622832 -0.050629 0.000000
0.623869 -0.048741 0.000000
0.624894 -0.046847 0.000000
0.625906 -0.044946 0.000000
0.626907 -0.043038 0.000000
0.627896 -0.041125 0.000000
0.628873 -0.039205 0.000000
0.629838 -0.037279 0.000000
0.630790 -0.035347 0.000000
0.631730 -0.033409 0.000000
0.632659 -0.031466 0.000000
0.633576 -0.029516 0.000000
0.634478 -0.027561 0.000000
0.635370 -0.025600 0.000000
0.636249 -0.023634 0.000000
0.637116 -0.021662 0.000000
0.637970 -0.019685 0.000000
0.638812 -0.017702 0.000000
0.639642 -0.015714 0.000000
0.640458 -0.013721 0.000000
0.641263 -0.011723 0.000000
0.642054 -0.009720 0.000000
0.642834 -0.007712 0.000000
0.643600 -0.005699 0.000000
0.644354 -0.003681 0.000000
0.645096 -0.001658 0.000000
0.645824 0.000369 0.000000
0.646540 0.002400 0.000000
0.647242 0.004436 0.000000
0.647932 0.006477 0.000000
0.648610 0.008521 0.000000
0.649275 0.010570 0.000000
0.649926 0.012623 0.000000
0.650564 0.014680 0.000000
0.651190 0.016742 0.000000
0.651803 0.018807 0.000000
0.652403 0.020875 0.000000
0.652989 0.022948 0.000000
0.653563 0.025024 0.000000
0.654124 0.027104 0.000000
0.654671 0.029187 0.000000
0.655206 0.031274 0.000000
0.655727 0.033363 0.000000
0.656235 0.035457 0.000000
0.656730 0.037553 0.000000
0.657213 0.039652 0.000000
0.657681 0.041755 0.000000
0.658136 0.043860 0.000000
0.658579 0.045968 0.000000
0.659007 0.048079 0.000000
0.659424 0.050192 0.000000
0.659826 0.052308 0.000000
0.660215 0.054427 0.000000
0.660590 0.056548 0.000000
0.660953 0.058671 0.000000
0.661303 0.060797 0.000000
0.661638 0.062924 0.000000
0.661961 0.065054 0.000000
0.662269 0.067186 0.000000
0.662565 0.069319 0.000000
0.662847 0.071455 0.000000
0.663116 0.073592 0.000000
0.663371 0.075731 0.000000
0.663613 0.077871 0.000000
0.663841 0.080013 0.000000
0.664056 0.082156 0.000000
0.664258 0.084300 0.000000
0.664446 0.086446 0.000000
0.664621 0.088593 0.000000
0.664781 0.090741 0.000000
0.664929 0.092890 0.000000
0.665064 0.095040 0.000000
0.665183 0.097190 0.000000
0.665290 0.099342 0.000000
0.665384 0.101494 0.000000
0.665464 0.103646 0.000000
0.665530 0.105799 0.000000
0.665583 0.107952 0.000000
0.665623 0.110106 0.000000
0.665648 0.112260 0.000000
0.665661 0.114414 0.000000
0.665660 0.116568 0.000000
0.665644 0.118722 0.000000
0.665617 0.120876 0.000000
0.665574 0.123029 0.000000
0.665520 0.125182 0.000000
0.665450 0.127335 0.000000
0.665368 0.129488 0.000000
0.665272 0.131639 0.000000
0.665162 0.133790 0.000000
0.665039 0.135941 0.000000
0.664904 0.138091 0.000000
0.664753 0.140239 0.000000
0.664589 0.142387 0.000000
0.664413 0.144534 0.000000
0.664222 0.146679 0.000000
0.664018 0.148824 0.000000
0.663801 0.150967 0.000000
0.663570 0.153108 0.000000
0.663326 0.155248 0.000000
0.663068 0.157387 0.000000
0.662797 0.159524 0.000000
0.662512 0.161659 0.000000
0.662214 0.163792 0.000000
0.661903 0.165923 0.000000
0.661578 0.168053 0.000000
0.661240 0.170180 0.000000
0.660888 0.172305 0.000000
0.660524 0.174428 0.000000
0.660145 0.176548 0.000000
0.659753 0.178666 0.000000
0.659350 0.180782 0.000000
0.658930 0.182895 0.000000
0.658499 0.185005 0.000000
0.658055 0.187113 0.000000
0.657597 0.189218 0.000000
0.657126 0.191320 0.000000
0.656641 0.193418 0.000000
0.656144 0.195514 0.000000
0.655633 0.197607 0.000000
0.655110 0.199696 0.000000
0.654573 0.201782 0.000000
0.654023 0.203865 0.000000
0.653460 0.205944 0.000000
0.652884 0.208019 0.000000
0.652294 0.210091 0.000000
0.651693 0.212159 0.000000
0.651077 0.214223 0.000000
0.650449 0.216284 0.000000
0.649809 0.218340 0.000000
0.649154 0.220392 0.000000
0.648488 0.222441 0.000000
0.647808 0.224484 0.000000
0.647115 0.226524 0.000000
0.646411 0.228559 0.000000
0.645692 0.230590 0.000000
