0.000000 0.000000 0.000000 0.000000
0.001671 -0.001360 0.001663 0.000596
0.003340 -0.002721 0.003324 0.001194
0.005007 -0.004085 0.004983 0.001793
0.006673 -0.005451 0.006640 0.002394
0.008337 -0.006818 0.008294 0.002996
0.009999 -0.008188 0.009946 0.003600
0.011660 -0.009560 0.011596 0.004206
0.013319 -0.010933 0.013243 0.004813
0.014977 -0.012308 0.014888 0.005422
0.016634 -0.013685 0.016531 0.006032
0.018289 -0.015064 0.018171 0.006645
0.019942 -0.016444 0.019808 0.007259
0.021595 -0.017825 0.021444 0.007876
0.023246 -0.019208 0.023077 0.008494
0.024896 -0.020593 0.024708 0.009114
0.026546 -0.021979 0.026335 0.009737
0.028193 -0.023366 0.027960 0.010361
0.029840 -0.024754 0.029583 0.010988
0.031487 -0.026143 0.031203 0.011617
0.033132 -0.027533 0.032821 0.012249
0.034776 -0.028925 0.034436 0.012882
0.036419 -0.030317 0.036049 0.013519
0.038062 -0.031711 0.037659 0.014157
0.039704 -0.033105 0.039267 0.014798
0.041345 -0.034500 0.040872 0.015441
0.042986 -0.035896 0.042474 0.016087
0.044626 -0.037292 0.044073 0.016735
0.046265 -0.038689 0.045668 0.017386
0.047904 -0.040087 0.047261 0.018039
0.049543 -0.041485 0.048850 0.018695
0.051181 -0.042883 0.050436 0.019354
0.052819 -0.044282 0.052020 0.020015
0.054457 -0.045681 0.053600 0.020680
0.056095 -0.047080 0.055177 0.021346
0.057732 -0.048479 0.056751 0.022016
0.059369 -0.049879 0.058322 0.022688
0.061007 -0.051279 0.059890 0.023363
0.062644 -0.052678 0.061455 0.024041
0.064281 -0.054078 0.063016 0.024722
0.065919 -0.055477 0.064574 0.025405
0.067556 -0.056876 0.066128 0.026091
0.069194 -0.058275 0.067680 0.026780
0.070832 -0.059674 0.069227 0.027472
0.072471 -0.061072 0.070772 0.028167
0.074110 -0.062470 0.072312 0.028864
0.075749 -0.063868 0.073849 0.029564
0.077388 -0.065265 0.075383 0.030268
0.079028 -0.066661 0.076912 0.030973
0.080669 -0.068056 0.078438 0.031682
0.082310 -0.069451 0.079961 0.032394
0.083952 -0.070845 0.081479 0.033108
0.085595 -0.072239 0.082994 0.033825
0.087239 -0.073631 0.084505 0.034545
0.088883 -0.075023 0.086012 0.035268
0.090528 -0.076413 0.087514 0.035993
0.092174 -0.077803 0.089013 0.036721
0.093820 -0.079191 0.090508 0.037452
0.095468 -0.080578 0.091999 0.038185
0.097117 -0.081964 0.093485 0.038921
0.098767 -0.083349 0.094968 0.039660
0.100418 -0.084732 0.096446 0.040401
0.102071 -0.086114 0.097920 0.041145
0.103724 -0.087494 0.099389 0.041892
0.105379 -0.088873 0.100854 0.042641
0.107035 -0.090250 0.102312 0.043392
0.108693 -0.091626 0.103765 0.044146
0.110351 -0.093000 0.105214 0.044903
0.112012 -0.094372 0.106658 0.045661
0.113674 -0.095742 0.108097 0.046423
0.115337 -0.097110 0.109532 0.047186
0.117003 -0.098477 0.110962 0.047952
0.118669 -0.099841 0.112387 0.048720
0.120338 -0.101203 0.113807 0.049491
0.122008 -0.102563 0.115223 0.050264
0.123680 -0.103921 0.116633 0.051038
0.125354 -0.105277 0.118039 0.051815
0.127030 -0.106630 0.119440 0.052595
0.128708 -0.107981 0.120837 0.053376
0.130388 -0.109329 0.122228 0.054159
0.132069 -0.110675 0.123614 0.054944
0.133753 -0.112018 0.124995 0.055731
0.135439 -0.113359 0.126372 0.056520
0.137127 -0.114697 0.127743 0.057310
0.138817 -0.116032 0.129109 0.058103
0.140510 -0.117365 0.130470 0.058896
0.142204 -0.118695 0.131827 0.059692
0.143901 -0.120021 0.133178 0.060489
0.145600 -0.121345 0.134524 0.061288
0.147302 -0.122666 0.135865 0.062089
0.149006 -0.123983 0.137201 0.062890
0.150712 -0.125298 0.138532 0.063693
0.152421 -0.126609 0.139858 0.064498
0.154133 -0.127917 0.141179 0.065304
0.155847 -0.129222 0.142495 0.066111
0.157563 -0.130523 0.143806 0.066919
0.159282 -0.131821 0.145111 0.067728
0.161004 -0.133115 0.146412 0.068539
0.162728 -0.134406 0.147708 0.069350
0.164455 -0.135693 0.148999 0.070163
0.166185 -0.136976 0.150285 0.070976
0.167918 -0.138256 0.151565 0.071790
0.169653 -0.139532 0.152841 0.072605
0.171392 -0.140804 0.154112 0.073421
0.173133 -0.142072 0.155379 0.074237
0.174877 -0.143336 0.156640 0.075054
0.176623 -0.144597 0.157896 0.075872
0.178373 -0.145853 0.159148 0.076690
0.180126 -0.147104 0.160394 0.077508
0.181882 -0.148352 0.161636 0.078328
0.183641 -0.149596 0.162874 0.079147
0.185403 -0.150835 0.164106 0.079967
0.187168 -0.152070 0.165334 0.080787
0.188936 -0.153300 0.166557 0.081607
0.190707 -0.154526 0.167776 0.082427
0.192481 -0.155747 0.168990 0.083248
0.194258 -0.156964 0.170200 0.084069
0.196039 -0.158176 0.171405 0.084889
0.197823 -0.159383 0.172606 0.085710
0.199610 -0.160586 0.173802 0.086530
0.201400 -0.161784 0.174994 0.087351
0.203193 -0.162977 0.176182 0.088171
0.204990 -0.164165 0.177366 0.088991
0.206790 -0.165348 0.178545 0.089811
0.208593 -0.166526 0.179721 0.090630
0.210400 -0.167699 0.180892 0.091449
0.212210 -0.168866 0.182059 0.092268
0.214023 -0.170029 0.183223 0.093086
0.215840 -0.171186 0.184382 0.093904
0.217660 -0.172338 0.185538 0.094722
0.219484 -0.173485 0.186690 0.095539
0.221310 -0.174626 0.187838 0.096355
0.223141 -0.175761 0.188983 0.097171
0.224975 -0.176891 0.190124 0.097986
0.226812 -0.178016 0.191262 0.098800
0.228652 -0.179134 0.192396 0.099614
0.230497 -0.180247 0.193528 0.100427
0.232344 -0.181355 0.194655 0.101240
0.234195 -0.182456 0.195780 0.102051
0.236050 -0.183551 0.196902 0.102862
0.237908 -0.184641 0.198021 0.103673
0.239770 -0.185725 0.199136 0.104481
0.241635 -0.186802 0.200249 0.105290
0.243504 -0.187873 0.201359 0.106097
0.245376 -0.188939 0.202466 0.106903
0.247251 -0.189998 0.203571 0.107709
0.249130 -0.191051 0.204673 0.108513
0.251013 -0.192097 0.205773 0.109316
0.252899 -0.193138 0.206870 0.110119
0.254789 -0.194171 0.207966 0.110920
0.256682 -0.195199 0.209059 0.111721
0.258579 -0.196219 0.210149 0.112520
0.260479 -0.197234 0.211238 0.113318
0.262383 -0.198241 0.212325 0.114115
0.264290 -0.199242 0.213410 0.114910
0.266201 -0.200236 0.214494 0.115705
0.268115 -0.201224 0.215576 0.116499
0.270033 -0.202205 0.216656 0.117291
0.271954 -0.203178 0.217735 0.118083
0.273879 -0.204145 0.218812 0.118872
0.275807 -0.205105 0.219888 0.119661
0.277739 -0.206058 0.220963 0.120449
0.279674 -0.207004 0.222037 0.121235
0.281613 -0.207943 0.223110 0.122020
0.283555 -0.208875 0.224183 0.122804
0.285501 -0.209799 0.225254 0.123587
0.287450 -0.210716 0.226325 0.124368
0.289402 -0.211626 0.227396 0.125148
0.291358 -0.212528 0.228465 0.125927
0.293317 -0.213423 0.229535 0.126705
0.295280 -0.214311 0.230605 0.127481
0.297246 -0.215191 0.231674 0.128256
0.299215 -0.216063 0.232743 0.129030
0.301188 -0.216928 0.233813 0.129803
0.303164 -0.217786 0.234882 0.130574
0.305143 -0.218635 0.235952 0.131344
0.307126 -0.219477 0.237023 0.132113
0.309112 -0.220311 0.238094 0.132880
0.311101 -0.221137 0.239165 0.133646
0.313093 -0.221956 0.240238 0.134410
0.315089 -0.222766 0.241311 0.135174
0.317088 -0.223569 0.242386 0.135936
0.319090 -0.224363 0.243461 0.136697
0.321095 -0.225150 0.244538 0.137456
0.323104 -0.225928 0.245616 0.138215
0.325115 -0.226698 0.246696 0.138971
0.327130 -0.227460 0.247777 0.139727
0.329148 -0.228214 0.248860 0.140481
0.331169 -0.228960 0.249945 0.141234
0.333192 -0.229697 0.251032 0.141985
0.335219 -0.230426 0.252121 0.142736
0.337249 -0.231146 0.253212 0.143484
0.339282 -0.231858 0.254306 0.144232
0.341318 -0.232562 0.255402 0.144978
0.343357 -0.233257 0.256501 0.145722
0.345398 -0.233944 0.257602 0.146466
0.347443 -0.234622 0.258706 0.147207
0.349490 -0.235292 0.259813 0.147948
0.351540 -0.235952 0.260923 0.148686
0.353593 -0.236604 0.262037 0.149424
0.355649 -0.237248 0.263153 0.150160
0.357707 -0.237883 0.264274 0.150895
0.359768 -0.238508 0.265398 0.151627
0.361832 -0.239125 0.266525 0.152359
0.363898 -0.239733 0.267657 0.153089
0.365967 -0.240333 0.268792 0.153818
0.368039 -0.240923 0.269932 0.154545
0.370113 -0.241504 0.271076 0.155270
0.372189 -0.242076 0.272224 0.155993
0.374268 -0.242640 0.273377 0.156715
0.376350 -0.243194 0.274535 0.157436
0.378433 -0.243739 0.275697 0.158155
0.380520 -0.244274 0.276864 0.158872
0.382608 -0.244801 0.278037 0.159587
0.384699 -0.245318 0.279215 0.160300
0.386793 -0.245826 0.280398 0.161012
0.388888 -0.246325 0.281587 0.161722
0.390986 -0.246814 0.282781 0.162430
0.393086 -0.247294 0.283981 0.163136
0.395188 -0.247765 0.285187 0.163840
0.397292 -0.248226 0.286399 0.164542
0.399398 -0.248678 0.287617 0.165242
0.401506 -0.249120 0.288842 0.165939
0.403616 -0.249553 0.290073 0.166635
0.405728 -0.249976 0.291311 0.167329
0.407842 -0.250390 0.292555 0.168020
0.409957 -0.250794 0.293807 0.168708
0.412075 -0.251189 0.295065 0.169395
0.414194 -0.251573 0.296330 0.170078
0.416315 -0.251949 0.297603 0.170760
0.418438 -0.252314 0.298883 0.171439
0.420563 -0.252670 0.300171 0.172115
0.422689 -0.253016 0.301466 0.172788
0.424816 -0.253352 0.302770 0.173458
0.426945 -0.253679 0.304081 0.174126
0.429076 -0.253995 0.305401 0.174790
0.431208 -0.254302 0.306729 0.175452
0.433341 -0.254599 0.308065 0.176110
0.435476 -0.254886 0.309410 0.176765
0.437612 -0.255163 0.310763 0.177416
0.439749 -0.255430 0.312125 0.178065
0.441888 -0.255687 0.313497 0.178709
0.444027 -0.255934 0.314877 0.179350
0.446168 -0.256172 0.316266 0.179987
0.448310 -0.256399 0.317665 0.180620
0.450453 -0.256616 0.319073 0.181249
0.452597 -0.256823 0.320491 0.181874
0.454742 -0.257020 0.321919 0.182495
0.456888 -0.257206 0.323356 0.183111
0.459035 -0.257383 0.324804 0.183723
0.461182 -0.257550 0.326261 0.184331
0.463330 -0.257706 0.327729 0.184933
0.465479 -0.257852 0.329207 0.185531
0.467629 -0.257988 0.330695 0.186124
0.469779 -0.258114 0.332195 0.186711
0.471930 -0.258229 0.333704 0.187293
0.474082 -0.258334 0.335225 0.187870
0.476234 -0.258429 0.336756 0.188441
0.478386 -0.258514 0.338299 0.189006
0.480539 -0.258588 0.339852 0.189566
0.482692 -0.258652 0.341416 0.190119
0.484845 -0.258706 0.342993 0.190666
0.486999 -0.258749 0.344580 0.191207
0.489153 -0.258782 0.346179 0.191740
0.491307 -0.258804 0.347789 0.192268
0.493461 -0.258817 0.349411 0.192787
0.495615 -0.258818 0.351045 0.193300
0.497769 -0.258810 0.352690 0.193805
0.499923 -0.258791 0.354348 0.194303
0.502077 -0.258762 0.356017 0.194793
0.504230 -0.258722 0.357698 0.195276
0.506384 -0.258672 0.359392 0.195750
0.508537 -0.258611 0.361097 0.196216
0.510690 -0.258540 0.362815 0.196673
0.512842 -0.258458 0.364545 0.197121
0.514994 -0.258366 0.366287 0.197561
0.517146 -0.258264 0.368042 0.197992
0.519297 -0.258151 0.369809 0.198412
0.521447 -0.258027 0.371588 0.198824
0.523597 -0.257893 0.373380 0.199225
0.525746 -0.257749 0.375184 0.199617
0.527895 -0.257594 0.377001 0.199999
0.530042 -0.257428 0.378831 0.200369
0.532189 -0.257252 0.380672 0.200730
0.534335 -0.257066 0.382526 0.201079
0.536480 -0.256869 0.384393 0.201417
0.538624 -0.256661 0.386272 0.201744
0.540767 -0.256443 0.388164 0.202060
0.542909 -0.256215 0.390068 0.202363
0.545049 -0.255976 0.391985 0.202655
0.547189 -0.255726 0.393913 0.202935
0.549327 -0.255466 0.395856 0.203201
0.551464 -0.255195 0.397809 0.203455
0.553600 -0.254914 0.399776 0.203697
0.555734 -0.254622 0.401755 0.203924
0.557866 -0.254320 0.403745 0.204139
0.559998 -0.254007 0.405748 0.204341
0.562127 -0.253684 0.407763 0.204528
0.564255 -0.253350 0.409790 0.204701
0.566381 -0.253006 0.411829 0.204860
0.568506 -0.252651 0.413880 0.205005
0.570629 -0.252285 0.415943 0.205135
0.572749 -0.251909 0.418018 0.205250
0.574869 -0.251523 0.420103 0.205350
0.576986 -0.251126 0.422201 0.205435
0.579101 -0.250719 0.424310 0.205504
0.581214 -0.250301 0.426430 0.205557
0.583325 -0.249873 0.428562 0.205595
0.585433 -0.249434 0.430704 0.205616
0.587540 -0.248984 0.432858 0.205621
0.589644 -0.248525 0.435021 0.205610
0.591746 -0.248055 0.437197 0.205582
0.593846 -0.247574 0.439382 0.205536
0.595943 -0.247083 0.441577 0.205475
0.598038 -0.246582 0.443784 0.205395
0.600130 -0.246070 0.445999 0.205299
0.602220 -0.245547 0.448224 0.205186
0.604307 -0.245015 0.450461 0.205053
0.606391 -0.244472 0.452705 0.204904
0.608472 -0.243918 0.454960 0.204735
0.610551 -0.243354 0.457223 0.204551
0.612627 -0.242780 0.459496 0.204346
0.614701 -0.242195 0.461778 0.204124
0.616771 -0.241601 0.464068 0.203883
0.618838 -0.240995 0.466366 0.203624
0.620902 -0.240380 0.468673 0.203346
0.622963 -0.239754 0.470988 0.203049
0.625021 -0.239118 0.473311 0.202734
0.627076 -0.238471 0.475641 0.202399
0.629128 -0.237815 0.477979 0.202045
0.631176 -0.237148 0.480324 0.201672
0.633221 -0.236471 0.482676 0.201280
0.635262 -0.235784 0.485035 0.200868
0.637300 -0.235087 0.487401 0.200438
0.639335 -0.234379 0.489769 0.199986
0.641366 -0.233661 0.492143 0.199515
0.643393 -0.232934 0.494521 0.199026
0.645417 -0.232196 0.496907 0.198515
0.647436 -0.231448 0.499298 0.197985
0.649453 -0.230690 0.501694 0.197437
0.651465 -0.229921 0.504095 0.196869
0.653474 -0.229143 0.506501 0.196282
0.655478 -0.228355 0.508912 0.195675
0.657479 -0.227557 0.511327 0.195049
0.659475 -0.226749 0.513746 0.194404
0.661468 -0.225930 0.516170 0.193738
0.663456 -0.225102 0.518597 0.193055
0.665441 -0.224264 0.521027 0.192352
0.667421 -0.223416 0.523462 0.191630
0.669397 -0.222559 0.525899 0.190889
0.671368 -0.221691 0.528339 0.190129
0.673335 -0.220814 0.530782 0.189351
0.675298 -0.219926 0.533228 0.188553
0.677256 -0.219029 0.535676 0.187738
0.679210 -0.218123 0.538127 0.186903
0.681159 -0.217206 0.540579 0.186050
0.683104 -0.216280 0.543033 0.185180
0.685044 -0.215344 0.545489 0.184291
0.686980 -0.214399 0.547947 0.183383
0.688910 -0.213444 0.550404 0.182460
0.690836 -0.212479 0.552865 0.181518
0.692757 -0.211505 0.555325 0.180558
0.694673 -0.210521 0.557787 0.179581
0.696584 -0.209528 0.560249 0.178587
0.698491 -0.208525 0.562711 0.177578
0.700392 -0.207513 0.565174 0.176550
0.702288 -0.206491 0.567637 0.175507
0.704179 -0.205460 0.570100 0.174447
0.706065 -0.204420 0.572563 0.173371
0.707946 -0.203370 0.575026 0.172280
0.709822 -0.202312 0.577488 0.171173
0.711692 -0.201243 0.579951 0.170050
0.713557 -0.200166 0.582412 0.168913
0.715417 -0.199080 0.584873 0.167760
0.717272 -0.197984 0.587333 0.166593
0.719120 -0.196879 0.589792 0.165412
0.720964 -0.195764 0.592250 0.164218
0.722802 -0.194641 0.594707 0.163008
0.724634 -0.193509 0.597163 0.161786
0.726461 -0.192368 0.599617 0.160551
0.728282 -0.191217 0.602071 0.159302
0.730097 -0.190058 0.604523 0.158040
0.731907 -0.188890 0.606973 0.156767
0.733711 -0.187713 0.609422 0.155481
0.735509 -0.186528 0.611870 0.154183
0.737301 -0.185333 0.614316 0.152874
0.739088 -0.184130 0.616760 0.151553
0.740868 -0.182918 0.619202 0.150222
0.742643 -0.181697 0.621644 0.148879
0.744412 -0.180467 0.624083 0.147526
0.746174 -0.179230 0.626520 0.146164
0.747931 -0.177983 0.628957 0.144791
0.749681 -0.176728 0.631390 0.143409
0.751426 -0.175464 0.633822 0.142018
0.753164 -0.174192 0.636253 0.140618
0.754896 -0.172911 0.638682 0.139210
0.756621 -0.171622 0.641108 0.137795
0.758341 -0.170324 0.643533 0.136370
0.760054 -0.169019 0.645957 0.134938
0.761760 -0.167705 0.648378 0.133500
0.763461 -0.166382 0.650798 0.132053
0.765155 -0.165052 0.653217 0.130600
0.766842 -0.163713 0.655633 0.129141
0.768523 -0.162367 0.658048 0.127676
0.770198 -0.161012 0.660462 0.126205
0.771866 -0.159649 0.662873 0.124729
0.773527 -0.158278 0.665284 0.123247
0.775182 -0.156899 0.667693 0.121761
0.776830 -0.155512 0.670101 0.120270
0.778472 -0.154118 0.672507 0.118775
0.780106 -0.152716 0.674912 0.117277
0.781734 -0.151306 0.677316 0.115774
0.783356 -0.149888 0.679719 0.114269
0.784970 -0.148462 0.682120 0.112762
0.786578 -0.147029 0.684521 0.111249
0.788179 -0.145588 0.686920 0.109736
0.789773 -0.144140 0.689319 0.108221
0.791360 -0.142683 0.691717 0.106703
0.792941 -0.141220 0.694114 0.105185
0.794514 -0.139748 0.696510 0.103666
0.796080 -0.138270 0.698906 0.102145
0.797639 -0.136784 0.701302 0.100624
0.799192 -0.135290 0.703697 0.099103
0.800737 -0.133790 0.706092 0.097582
0.802276 -0.132282 0.708487 0.096062
0.803807 -0.130767 0.710882 0.094542
0.805331 -0.129244 0.713277 0.093023
0.806848 -0.127715 0.715671 0.091505
0.808358 -0.126179 0.718066 0.089988
0.809860 -0.124635 0.720461 0.088472
0.811356 -0.123085 0.722856 0.086960
0.812844 -0.121528 0.725252 0.085449
0.814325 -0.119964 0.727649 0.083941
0.815799 -0.118393 0.730046 0.082436
0.817266 -0.116815 0.732443 0.080932
0.818725 -0.115231 0.734842 0.079433
0.820177 -0.113640 0.737241 0.077937
0.821621 -0.112042 0.739642 0.076445
0.823059 -0.110438 0.742043 0.074957
0.824489 -0.108827 0.744447 0.073474
0.825911 -0.107209 0.746851 0.071995
0.827326 -0.105585 0.749257 0.070520
0.828734 -0.103955 0.751664 0.069051
0.830134 -0.102318 0.754072 0.067587
0.831527 -0.100675 0.756483 0.066128
0.832913 -0.099026 0.758895 0.064675
0.834291 -0.097370 0.761309 0.063228
0.835661 -0.095708 0.763725 0.061787
0.837024 -0.094040 0.766143 0.060354
0.838380 -0.092366 0.768564 0.058925
0.839728 -0.090686 0.770987 0.057506
0.841068 -0.088999 0.773413 0.056092
0.842401 -0.087307 0.775841 0.054686
0.843726 -0.085609 0.778272 0.053288
0.845044 -0.083905 0.780705 0.051896
0.846355 -0.082196 0.783141 0.050513
0.847657 -0.080480 0.785580 0.049138
0.848953 -0.078759 0.788022 0.047772
0.850240 -0.077032 0.790467 0.046414
0.851520 -0.075300 0.792916 0.045065
0.852793 -0.073562 0.795368 0.043724
0.854058 -0.071818 0.797823 0.042393
0.855315 -0.070069 0.800281 0.041071
0.856564 -0.068315 0.802744 0.039759
0.857807 -0.066555 0.805210 0.038456
0.859041 -0.064790 0.807680 0.037163
0.860268 -0.063019 0.810154 0.035881
0.861487 -0.061243 0.812632 0.034609
0.862699 -0.059463 0.815114 0.033347
0.863903 -0.057677 0.817601 0.032097
0.865099 -0.055885 0.820091 0.030857
0.866288 -0.054089 0.822586 0.029629
0.867469 -0.052288 0.825086 0.028411
0.868643 -0.050482 0.827591 0.027205
0.869809 -0.048671 0.830099 0.026011
0.870967 -0.046855 0.832612 0.024827
0.872118 -0.045034 0.835131 0.023657
0.873261 -0.043209 0.837655 0.022500
0.874397 -0.041378 0.840184 0.021355
0.875525 -0.039543 0.842718 0.020223
0.876645 -0.037703 0.845257 0.019102
0.877758 -0.035858 0.847801 0.017996
0.878863 -0.034009 0.850351 0.016902
0.879960 -0.032156 0.852907 0.015822
0.881050 -0.030298 0.855468 0.014755
0.882133 -0.028435 0.858035 0.013704
0.883208 -0.026569 0.860608 0.012664
0.884275 -0.024698 0.863186 0.011641
0.885335 -0.022822 0.865771 0.010630
0.886387 -0.020943 0.868362 0.009635
0.887431 -0.019059 0.870959 0.008654
0.888469 -0.017171 0.873562 0.007689
0.889498 -0.015279 0.876172 0.006738
0.890520 -0.013383 0.878788 0.005803
0.891535 -0.011483 0.881410 0.004885
0.892542 -0.009579 0.884039 0.003981
0.893542 -0.007671 0.886675 0.003094
0.894534 -0.005759 0.889318 0.002225
0.895518 -0.003843 0.891967 0.001372
0.896495 -0.001924 0.894622 0.000537
0.897464 0.000000 0.897232 0.000302
