0 0 0
-5.86619e-06 1.56453e-05 0

0.003781 -0.010084 -0
-0.357232 0.295533 0.374963

0.007876 -0.020044 -0
-0.645004 0.533922 0.677312

0.012283 -0.02987 -0
-0.929754 0.770553 0.976531

0.016996 -0.039554 -0
-1.21583 1.00878 1.27726

0.022011 -0.049084 -0
-1.47192 1.22216 1.54691

0.027322 -0.058452 -0
-1.76113 1.46356 1.85162

0.032925 -0.067649 -0
-1.9981 1.66124 2.10244

0.038815 -0.076665 -0
-2.28573 1.90167 2.40725

0.044985 -0.085492 -0
-2.48999 2.07234 2.62647

0.051428 -0.09412 -0
-2.70693 2.25412 2.86102

0.05814 -0.102542 -0
-2.91359 2.42795 3.08744

0.065113 -0.110749 -0
-3.05624 2.54894 3.25007

0.072341 -0.118733 -0
-3.2013 2.67311 3.41853

0.079815 -0.126486 -0
-3.33627 2.7901 3.57956

0.087529 -0.134 -0
-3.4522 2.89233 3.723

0.095476 -0.141269 -0
-3.57116 2.99805 3.87052

0.103647 -0.148284 -0
-3.71749 3.12721 4.0458

0.112034 -0.155039 -0
-3.90991 3.29493 4.26672

0.12063 -0.161527 -0
-4.06537 3.4309 4.4453

0.129425 -0.167742 -0
-4.18172 3.53295 4.57888

0.13841 -0.173678 -0
-4.26705 3.60779 4.67625

0.147578 -0.179328 -0
-4.34275 3.67356 4.76061

0.156919 -0.184688 -0
-4.40904 3.73074 4.83326

0.166424 -0.189752 -0
-4.46518 3.77912 4.8945

0.176082 -0.194514 -0
-4.53291 3.83738 4.96799

0.185886 -0.198971 -0
-4.61441 3.90773 5.05673

0.195825 -0.203118 -0
-4.70345 3.98529 5.15474

0.205889 -0.206951 -0
-4.74671 4.02555 5.20668

0.216069 -0.210465 -0
-4.81741 4.09026 5.28928

0.226354 -0.213658 -0
-4.91092 4.17568 5.39779

0.236734 -0.216527 -0
-5.00925 4.2668 5.51341

0.247199 -0.219068 0
-5.06765 4.32603 5.58925

0.257739 -0.221279 0
-5.16166 4.41674 5.70401

0.268343 -0.223157 0
-5.24461 4.49959 5.80861

0.279001 -0.224702 0
-5.35732 4.60855 5.94525

0.289702 -0.225911 0
-5.40953 4.66746 6.0191

0.300436 -0.226784 0
-5.46718 4.73127 6.09852

0.311192 -0.227319 0
-5.54282 4.81006 6.19605

0.321959 -0.227516 0
-5.57442 4.85123 6.24635

0.332728 -0.227374 0
-5.61713 4.9007 6.3066

0.343486 -0.226895 0
-5.63468 4.92765 6.33861

0.354224 -0.226077 0
-5.66041 4.95984 6.37704

0.364932 -0.224923 0
-5.68422 4.98868 6.41131

0.375597 -0.223433 0
-5.71638 5.02283 6.45229

0.386211 -0.221609 0
-5.73122 5.04083 6.47338

0.396762 -0.219452 0
-5.76572 5.07402 6.51355

0.40724 -0.216965 0
-5.79373 5.10076 6.54588

0.417635 -0.21415 0
-5.83084 5.13453 6.58706

0.427936 -0.21101 0
-5.84881 5.15205 6.60802

0.438134 -0.207548 0
-5.86191 5.16574 6.62407

0.448218 -0.203767 0
-5.88903 5.19192 6.65531

0.458178 -0.199671 0
-5.93014 5.23097 6.70202

0.468004 -0.195265 0
-5.986 5.28385 6.76521

0.477687 -0.190552 0
-5.95436 5.26491 6.73816

0.487218 -0.185537 0
-5.99944 5.31228 6.79254

0.496586 -0.180225 0
-6.01826 5.33949 6.8207

0.505783 -0.174622 0
-6.00823 5.34431 6.81984

0.514799 -0.168733 0
-5.99694 5.34971 6.81855

0.523626 -0.162563 0
-5.981 5.35259 6.81306

0.532254 -0.156119 0
-5.95074 5.34443 6.79296

0.540676 -0.149407 0
-5.91334 5.33083 6.76543

0.548883 -0.142434 0
-5.86597 5.30895 6.7272

0.556867 -0.135207 0
-5.81479 5.28351 6.68442

0.56462 -0.127733 0
-5.76106 5.25514 6.63818

0.572134 -0.120018 0
-5.71036 5.22817 6.59411

0.579403 -0.112072 0
-5.6623 5.20199 6.55171

0.586418 -0.103901 0
-5.62167 5.18043 6.51593

0.593173 -0.095513 0
-5.58701 5.16213 6.48523

0.599661 -0.086918 0
-5.56079 5.14912 6.46225

0.605876 -0.078123 0
-5.54307 5.1415 6.44714

0.611812 -0.069137 0
-5.53409 5.13958 6.44028

0.617462 -0.059969 0
-5.53332 5.14308 6.44125

0.622822 -0.050629 0
-5.54026 5.15184 6.44969

0.627886 -0.041124 0
-5.55332 5.16486 6.46413

0.632648 -0.031465 0
-5.57142 5.18165 6.48362

0.637105 -0.021662 0
-5.59237 5.20087 6.50607

0.641252 -0.011723 0
-5.61289 5.22031 6.52822

0.645084 -0.001658 0
-5.62846 5.23682 6.54553

0.648599 0.008521 0
-5.63327 5.24614 6.55205

0.651792 0.018806 0
-5.61574 5.2391 6.53574

0.65466 0.029186 0
-5.56472 5.20677 6.48499

0.657201 0.039652 0
-5.46569 5.13719 6.38453

0.659412 0.050191 0
-5.29896 5.01374 6.21365

0.661291 0.060796 0
-5.10027 4.86602 6.00951

0.662836 0.071453 0
-4.85493 4.68101 5.7565

0.664045 0.082155 0
-4.61568 4.50206 5.50951

0.664918 0.092888 0
-4.34332 4.29523 5.22738

0.665453 0.103644 0
-4.0753 4.09107 4.94912

0.665649 0.114412 0
-3.80302 3.88163 4.66568

0.665508 0.12518 0
-3.52067 3.66159 4.37102

0.665028 0.135939 0
-3.23506 3.43647 4.07229

0.664211 0.146677 0
-2.91308 3.1785 3.73501

0.663057 0.157384 0
-2.611 2.93509 3.41808

0.661567 0.16805 0
-2.21347 2.60954 3.00104

0.659743 0.178663 0
-1.86612 2.32449 2.63618

0.657586 0.189214 0
-1.48037 2.00573 2.23099

0.655099 0.199693 0
-0.993294 1.60062 1.71978

0.652284 0.210087 0
-0.525102 1.21038 1.22822

0.649144 0.220389 0
0.000616644 0.77096 0.676497

0.645681 0.230586 0
0.645678 0.230663 0

