0 0 0 0
0.00337151 -3.0969e-06 0.000393014 0.000723368
0.006743 -1.54903e-05 0.000869852 0.00163947
0.0101144 -4.05504e-05 0.0003073 0.000686811
0.0134857 -7.88867e-05 0.000348316 0.0008675
0.0168568 -0.000128629 0.000528229 0.00841639
0.0202279 -0.000185351 0.000916076 0.0162038
0.0235988 -0.000246722 0.00135454 0.0219367
0.0269697 -0.000312584 0.0016823 0.0267914
0.0303405 -0.000382925 0.0019816 0.031234
0.0337112 -0.00045804 0.00229771 0.0355008
0.0370817 -0.000537823 0.00254201 0.0394951
0.0404522 -0.000622309 0.00278138 0.0432879
0.0438225 -0.00071112 0.00302556 0.0470755
0.0471927 -0.0008047 0.00327981 0.0508608
0.0505628 -0.000902913 0.00356247 0.0544755
0.0539328 -0.00100546 0.00379382 0.0580203
0.0573026 -0.00111312 0.00406638 0.0615895
0.0606722 -0.00122556 0.00435015 0.0651605
0.0640417 -0.00134162 0.0046194 0.0686935
0.067411 -0.00146307 0.00486211 0.0719933
0.0707802 -0.00158974 0.00513802 0.0754942
0.0741492 -0.00172007 0.00546867 0.0788544
0.077518 -0.00185461 0.00577695 0.0823501
0.0808866 -0.00199419 0.00604711 0.0856007
0.084255 -0.00213897 0.00636169 0.0888797
0.0876232 -0.00228877 0.00669461 0.0923412
0.0909912 -0.00244278 0.00705646 0.0956287
0.094359 -0.00260092 0.00742538 0.0990876
0.0977265 -0.0027644 0.00780382 0.102356
0.101094 -0.00293223 0.00816326 0.105766
0.104461 -0.00310442 0.00853096 0.109165
0.107828 -0.00328194 0.0088952 0.112541
0.111194 -0.00346335 0.00930534 0.11595
0.114561 -0.00364851 0.00980353 0.119424
0.117927 -0.00383951 0.0102681 0.123022
0.121293 -0.00403592 0.0107098 0.126405
0.124658 -0.00423585 0.0111881 0.129989
0.128024 -0.0044395 0.0116733 0.133564
0.131389 -0.00464937 0.0121307 0.13709
0.134753 -0.00486428 0.0126376 0.140828
0.138118 -0.00508043 0.0131934 0.144608
0.141482 -0.00530136 0.0137322 0.148352
0.144846 -0.005527 0.0142714 0.152081
0.14821 -0.00575831 0.0149305 0.156082
0.151573 -0.00599345 0.0155819 0.160055
0.154936 -0.00623361 0.016266 0.164047
0.158299 -0.006479 0.0169684 0.168212
0.161661 -0.00672797 0.0176227 0.172324
0.165023 -0.00698055 0.0183381 0.176495
0.168384 -0.00723912 0.019042 0.180801
0.171746 -0.0075003 0.0197431 0.185095
0.175107 -0.0077645 0.0205136 0.189624
0.178468 -0.00803153 0.0212764 0.194132
0.181828 -0.00830296 0.0220776 0.198674
0.185189 -0.00857649 0.0228651 0.20335
0.188549 -0.00885198 0.0236345 0.207989
0.191909 -0.00913092 0.0244376 0.212659
0.195269 -0.00941345 0.0253056 0.217559
0.198628 -0.00969727 0.0262081 0.222479
0.201988 -0.00998456 0.0271874 0.227607
0.205347 -0.0102758 0.0281499 0.232694
0.208705 -0.010567 0.0291426 0.237813
0.212064 -0.0108602 0.0301611 0.243098
0.215422 -0.0111592 0.0312216 0.248417
0.21878 -0.0114614 0.0322791 0.253719
0.222138 -0.0117633 0.0333678 0.259054
0.225496 -0.0120669 0.0344502 0.26436
0.228854 -0.012372 0.0355651 0.269835
0.232211 -0.0126799 0.0366129 0.275114
0.235568 -0.0129905 0.0376881 0.280556
0.238925 -0.0133028 0.0387075 0.285759
0.242282 -0.013615 0.0397497 0.290975
0.24564 -0.0139265 0.0408129 0.296219
0.248997 -0.0142378 0.0418624 0.301422
0.252354 -0.014547 0.0429249 0.306619
0.255711 -0.014855 0.0439691 0.31164
0.259069 -0.0151628 0.0450609 0.316833
0.262426 -0.0154704 0.0460881 0.321641
0.265783 -0.0157805 0.0471547 0.326609
0.269141 -0.01609 0.0481946 0.331389
0.272498 -0.0163967 0.0492407 0.33615
0.275856 -0.0167026 0.0502527 0.34072
0.279213 -0.0170095 0.0512759 0.345271
0.282571 -0.0173134 0.0523108 0.349832
0.285929 -0.0176139 0.0533312 0.354198
0.289288 -0.0179132 0.054473 0.358629
0.292646 -0.0182119 0.0556351 0.363029
0.296004 -0.0185115 0.0567634 0.367216
0.299362 -0.0188103 0.0579168 0.371393
0.302721 -0.0191057 0.0591027 0.375611
0.306079 -0.0193988 0.0602562 0.379608
0.309438 -0.0196914 0.0614344 0.383578
0.312797 -0.0199831 0.0626323 0.387561
0.316156 -0.0202757 0.0637968 0.391342
0.319515 -0.0205649 0.0649908 0.395098
0.322874 -0.020853 0.0661872 0.398855
0.326233 -0.0211411 0.067341 0.402409
0.329593 -0.0214264 0.0685738 0.406134
0.332952 -0.0217098 0.0697792 0.409653
0.336312 -0.021988 0.0709912 0.413148
0.339672 -0.0222658 0.072177 0.416458
0.343032 -0.0225414 0.0734567 0.419947
0.346392 -0.0228198 0.0746772 0.423234
0.349753 -0.0230968 0.075906 0.426494
0.353113 -0.0233722 0.0770769 0.429558
0.356473 -0.0236465 0.0783447 0.432763
0.359834 -0.0239185 0.0795665 0.435772
0.363195 -0.0241885 0.080861 0.438946
0.366556 -0.024451 0.0820359 0.441915
0.369918 -0.0247094 0.0832056 0.444837
0.373279 -0.0249671 0.0843901 0.447734
0.376641 -0.0252213 0.0855202 0.450426
0.380003 -0.0254722 0.0867408 0.453265
0.383366 -0.0257198 0.0879684 0.456097
0.386728 -0.0259642 0.0891333 0.458726
0.390091 -0.0262064 0.0903917 0.46151
0.393454 -0.0264463 0.0915857 0.464081
0.396817 -0.0266841 0.0928151 0.466624
0.40018 -0.0269157 0.0941121 0.469331
0.403544 -0.0271464 0.09533 0.471839
0.406908 -0.0273736 0.0966783 0.474505
0.410272 -0.0275967 0.097963 0.476975
0.413637 -0.0278157 0.0993433 0.479585
0.417001 -0.0280295 0.100738 0.48218
0.420366 -0.0282408 0.102149 0.484749
0.423731 -0.0284505 0.103591 0.487293
0.427096 -0.0286551 0.105068 0.489812
0.430462 -0.0288528 0.106551 0.492305
0.433828 -0.0290454 0.10815 0.494937
0.437195 -0.0292292 0.109777 0.497561
0.440561 -0.0294069 0.111439 0.500161
0.443929 -0.0295799 0.11309 0.502732
0.447296 -0.0297476 0.114793 0.505282
0.450664 -0.0299102 0.116631 0.507976
0.454032 -0.0300665 0.118496 0.510644
0.4574 -0.0302171 0.120464 0.513327
0.460768 -0.0303652 0.122529 0.516022
0.464137 -0.0305071 0.124627 0.518696
0.467505 -0.0306448 0.12685 0.521497
0.470874 -0.0307765 0.128986 0.524103
0.474243 -0.0309031 0.131255 0.526843
0.477612 -0.0310231 0.133568 0.529554
0.480982 -0.0311359 0.13591 0.532233
0.484352 -0.0312404 0.138413 0.535044
0.487722 -0.0313363 0.14084 0.537668
0.491092 -0.0314241 0.143359 0.540395
0.494463 -0.031504 0.145789 0.542925
0.497834 -0.0315782 0.148376 0.545575
0.501204 -0.0316468 0.150884 0.548029
0.504575 -0.0317079 0.153513 0.550596
0.507946 -0.0317601 0.156045 0.552969
0.511318 -0.0317999 0.158728 0.555456
0.514689 -0.0318308 0.16134 0.557757
0.518061 -0.0318543 0.164067 0.560163
0.521433 -0.0318687 0.166737 0.562393
0.524804 -0.0318771 0.169444 0.564582
0.528176 -0.031879 0.172026 0.566568
0.531547 -0.0318729 0.174755 0.568661
0.534919 -0.0318573 0.177405 0.570576
0.53829 -0.031836 0.180079 0.572452
0.541661 -0.0318067 0.182791 0.574296
0.545033 -0.0317672 0.185522 0.576101
0.548404 -0.0317219 0.188151 0.57773
0.551774 -0.0316685 0.190834 0.579334
0.555145 -0.0316044 0.193545 0.580907
0.558516 -0.0315308 0.196157 0.582317
0.561886 -0.0314493 0.19879 0.583689
0.565257 -0.0313607 0.201424 0.585017
0.568626 -0.0312667 0.204076 0.586313
0.571996 -0.031165 0.206785 0.587595
0.575366 -0.0310523 0.209419 0.588734
0.578735 -0.0309293 0.212082 0.589855
0.582105 -0.0307964 0.214772 0.590955
0.585474 -0.030655 0.217484 0.592025
0.588842 -0.0305075 0.220223 0.593073
0.592211 -0.0303529 0.223006 0.594114
0.595579 -0.030192 0.225706 0.59502
0.598946 -0.0300244 0.228562 0.596017
0.602313 -0.0298507 0.23129 0.596864
0.60568 -0.0296712 0.23417 0.597804
0.609045 -0.0294838 0.23707 0.598726
0.612411 -0.0292871 0.24001 0.599635
0.615776 -0.029082 0.242981 0.60052
0.619141 -0.0288681 0.245981 0.601388
0.622505 -0.028645 0.248988 0.602232
0.625868 -0.0284125 0.252004 0.603054
0.629231 -0.0281746 0.255172 0.603952
0.632594 -0.0279289 0.258224 0.604725
0.635955 -0.0276744 0.261461 0.605587
0.639316 -0.027408 0.264712 0.60643
0.642677 -0.027134 0.267971 0.607245
0.646036 -0.0268528 0.271247 0.608035
0.649395 -0.0265621 0.274519 0.608795
0.652753 -0.0262611 0.277817 0.60954
0.65611 -0.0259495 0.281299 0.610365
0.659466 -0.0256282 0.284642 0.611069
0.662822 -0.0252951 0.288144 0.611846
0.666176 -0.0249529 0.291504 0.612506
0.669529 -0.0246016 0.29501 0.613223
0.672882 -0.0242413 0.298365 0.613825
0.676233 -0.0238727 0.301638 0.614353
0.679582 -0.0234976 0.30507 0.61494
0.682931 -0.0231117 0.308359 0.615421
0.686278 -0.0227127 0.311656 0.615888
0.689625 -0.0223006 0.314791 0.616256
0.69297 -0.0218783 0.318088 0.61669
0.696313 -0.0214459 0.32125 0.617042
0.699656 -0.021002 0.324416 0.617385
0.702997 -0.0205482 0.32758 0.617708
0.706337 -0.0200836 0.330747 0.618022
0.709676 -0.0196063 0.333782 0.618277
0.713013 -0.0191211 0.336821 0.618528
0.716349 -0.0186264 0.339852 0.61876
0.719683 -0.0181235 0.342882 0.618988
0.723015 -0.0176124 0.345753 0.61915
0.726347 -0.0170926 0.34878 0.619374
0.729677 -0.0165636 0.351639 0.61952
0.733005 -0.0160248 0.354493 0.61967
0.736331 -0.0154775 0.357347 0.619825
0.739656 -0.0149208 0.36021 0.619985
0.74298 -0.0143533 0.362918 0.620097
0.746302 -0.0137772 0.365779 0.620269
0.749622 -0.0131912 0.36864 0.620447
0.752941 -0.0125962 0.371349 0.620582
0.756259 -0.0119933 0.374222 0.62078
0.759574 -0.0113795 0.377092 0.620986
0.762888 -0.0107549 0.379966 0.6212
0.766199 -0.0101213 0.382842 0.621427
0.769509 -0.00948312 0.385729 0.62167
0.772816 -0.00883585 0.388605 0.621907
0.776122 -0.00817699 0.391628 0.622192
0.779426 -0.0075057 0.39465 0.622491
0.782728 -0.00682253 0.397659 0.622793
0.786027 -0.00612958 0.400653 0.623091
0.789324 -0.00542724 0.403797 0.623427
0.792619 -0.00471401 0.406941 0.623774
0.795911 -0.00398922 0.410247 0.624165
0.7992 -0.00325446 0.413381 0.624524
0.802487 -0.00250934 0.416675 0.624917
0.805771 -0.00175262 0.420144 0.625354
0.809052 -0.000984967 0.423432 0.625758
0.81233 -0.000203173 0.426884 0.626201
0.815606 0.000590286 0.430311 0.626635
0.818878 0.00139595 0.433882 0.627088
0.822148 0.00221523 0.437458 0.627551
0.825413 0.00304788 0.441021 0.628012
0.828676 0.00389837 0.444593 0.628491
0.831935 0.00476642 0.448338 0.629005
0.835191 0.00564795 0.452069 0.629516
0.838444 0.00654253 0.455799 0.630033
0.841692 0.00744977 0.459623 0.630614
0.844938 0.00837125 0.463446 0.631203
0.848179 0.0093032 0.467431 0.631807
0.851417 0.0102484 0.471396 0.632404
0.854652 0.0112043 0.475351 0.633002
0.857882 0.0121735 0.479137 0.633597
0.861109 0.013155 0.483093 0.634212
0.864333 0.0141499 0.487215 0.634841
0.867552 0.0151559 0.491155 0.635463
0.870767 0.0161689 0.495072 0.636074
0.873979 0.0171957 0.498994 0.636702
0.877186 0.0182357 0.503087 0.637346
0.88039 0.0192876 0.506999 0.63799
0.883589 0.0203496 0.511077 0.638643
0.886784 0.0214261 0.514968 0.639299
0.889976 0.0225151 0.519024 0.639964
0.893163 0.0236149 0.522886 0.640626
0.896347 0.0247242 0.526933 0.641306
0.899527 0.0258438 0.530971 0.64199
0.902703 0.0269742 0.534821 0.642681
0.905875 0.0281162 0.538838 0.643378
0.909043 0.029268 0.542854 0.644086
0.912207 0.0304309 0.546879 0.644812
0.915368 0.0315997 0.550717 0.645543
0.918525 0.0327809 0.554714 0.646273
0.921677 0.0339749 0.558725 0.647027
0.924825 0.0351845 0.562724 0.647789
0.927969 0.0364047 0.566706 0.648555
0.931109 0.0376353 0.570693 0.649333
0.934245 0.0388745 0.574662 0.65011
0.937377 0.0401237 0.578626 0.650893
0.940505 0.0413833 0.582578 0.651683
0.943629 0.0426543 0.586523 0.652477
0.94675 0.0439322 0.590641 0.653265
0.949866 0.0452173 0.594575 0.654063
0.952978 0.0465099 0.598486 0.654855
0.956085 0.0478124 0.602401 0.655656
0.959187 0.0491243 0.606488 0.656447
0.962286 0.0504472 0.610387 0.657249
0.965379 0.0517816 0.61445 0.658038
0.968469 0.0531269 0.618319 0.658836
0.971554 0.054483 0.622199 0.659644
0.974634 0.0558479 0.626249 0.660434
0.97771 0.0572278 0.630135 0.661254
0.980782 0.0586165 0.634193 0.662055
0.98385 0.0600151 0.638084 0.662874
0.986913 0.0614268 0.642153 0.66368
0.989971 0.0628491 0.646059 0.664509
0.993024 0.0642841 0.650114 0.665303
0.996072 0.0657305 0.653992 0.666114
0.999114 0.0671903 0.657867 0.666924
1.00215 0.0686611 0.661934 0.667714
1.00518 0.0701427 0.66581 0.668512
1.00821 0.071634 0.669855 0.669274
1.01123 0.0731337 0.673731 0.67005
1.01425 0.074644 0.677582 0.670805
1.01726 0.0761674 0.68164 0.671544
1.02026 0.0776997 0.685515 0.672288
1.02326 0.0792383 0.689381 0.673012
1.02626 0.0807832 0.69324 0.673714
1.02924 0.0823398 0.697252 0.674366
1.03223 0.0839074 0.701087 0.675026
1.0352 0.0854869 0.704944 0.675679
1.03818 0.0870776 0.708793 0.676312
1.04114 0.0886803 0.712618 0.676919
1.0441 0.0902961 0.716653 0.677493
1.04705 0.091926 0.720526 0.678087
1.04999 0.0935707 0.724375 0.678657
1.05293 0.0952277 0.728258 0.679222
1.05586 0.096901 0.732163 0.679783
1.05878 0.0985835 0.736279 0.680303
1.0617 0.100275 0.740208 0.680825
1.06461 0.101978 0.744172 0.68134
1.06751 0.103692 0.748163 0.681844
1.07041 0.105416 0.752333 0.682285
1.0733 0.107146 0.756316 0.682726
1.07618 0.108888 0.760348 0.683161
1.07906 0.11064 0.76456 0.683528
1.08193 0.112405 0.768558 0.683891
1.08479 0.114184 0.772566 0.684232
1.08765 0.115972 0.776741 0.684496
1.09049 0.117774 0.780737 0.684769
1.09333 0.119585 0.784941 0.684983
1.09617 0.121409 0.788979 0.685215
1.09899 0.123245 0.793185 0.685368
1.10181 0.12509 0.79733 0.685461
1.10462 0.126948 0.801374 0.685601
1.10742 0.128819 0.805621 0.685674
1.11022 0.130704 0.809863 0.685715
1.113 0.1326 0.813949 0.685779
1.11578 0.134508 0.818252 0.685784
1.11855 0.136428 0.822488 0.685728
1.12132 0.13836 0.826538 0.685688
1.12407 0.140306 0.830793 0.685583
1.12682 0.142266 0.835114 0.685475
1.12956 0.144234 0.839575 0.685396
1.13229 0.146212 0.843774 0.685295
1.13501 0.148204 0.848123 0.685104
1.13773 0.150205 0.852512 0.684896
1.14044 0.152216 0.856961 0.684681
1.14314 0.154238 0.861153 0.684454
1.14583 0.156272 0.865595 0.684175
1.14852 0.158319 0.870149 0.683915
1.1512 0.160373 0.874685 0.683612
1.15387 0.162437 0.87908 0.683211
1.15654 0.164509 0.883535 0.682806
1.15919 0.166591 0.888038 0.682389
1.16184 0.168685 0.892311 0.681975
1.16448 0.170791 0.89673 0.681464
1.16711 0.172909 0.901213 0.680953
1.16974 0.175036 0.905788 0.680449
1.17236 0.177171 0.910319 0.679895
1.17497 0.179311 0.914808 0.679292
1.17757 0.181458 0.91934 0.678675
1.18017 0.18361 0.924122 0.677997
1.18276 0.18577 0.928682 0.677332
1.18534 0.187937 0.933186 0.676614
1.18792 0.190111 0.937785 0.675909
1.19048 0.192299 0.94238 0.675182
1.19304 0.194488 0.94719 0.674377
1.1956 0.196682 0.951855 0.673617
1.19814 0.198886 0.956715 0.672781
1.20068 0.201095 0.961332 0.671948
1.20322 0.203315 0.966142 0.67104
1.20574 0.205544 0.970765 0.670167
1.20826 0.20778 0.975626 0.669235
1.21077 0.210024 0.980405 0.668245
1.21328 0.212273 0.98511 0.667337
1.21578 0.21453 0.990041 0.666365
1.21827 0.216795 0.994939 0.665358
1.22076 0.219067 0.999748 0.664292
1.22324 0.221349 1.00452 0.663193
1.22572 0.223638 1.00944 0.662139
1.22818 0.225934 1.01447 0.661113
1.23064 0.228238 1.01944 0.660043
1.2331 0.230548 1.02428 0.658901
1.23554 0.232866 1.0293 0.657679
1.23798 0.235189 1.03417 0.656513
1.24042 0.23752 1.03901 0.655322
1.24285 0.239859 1.04397 0.654168
1.24527 0.242205 1.04899 0.653025
1.24768 0.244557 1.05409 0.651759
1.25009 0.246914 1.05894 0.650511
1.2525 0.249279 1.0638 0.64926
1.2549 0.25165 1.06876 0.648037
1.25729 0.254026 1.07389 0.646733
1.25968 0.256406 1.07879 0.64546
1.26206 0.258795 1.08371 0.644185
1.26444 0.261183 1.08864 0.642897
1.26681 0.263574 1.09356 0.641592
1.26918 0.265969 1.09848 0.640276
1.27154 0.268369 1.1034 0.638953
1.2739 0.270775 1.10831 0.637612
1.27625 0.273188 1.11332 0.636313
1.2786 0.275608 1.11828 0.634985
1.28094 0.278037 1.12294 0.633668
1.28327 0.280469 1.12784 0.632302
1.2856 0.282905 1.13276 0.630939
1.28793 0.285346 1.13748 0.629627
1.29025 0.28779 1.14237 0.628237
1.29257 0.290239 1.14704 0.626893
1.29488 0.292693 1.15177 0.625567
1.29719 0.295152 1.15652 0.624254
1.29949 0.297615 1.16128 0.622933
1.30179 0.30008 1.16595 0.621573
1.30408 0.302548 1.17061 0.620205
1.30637 0.30502 1.17529 0.618843
1.30866 0.307495 1.17985 0.61757
1.31094 0.309974 1.18451 0.616194
1.31322 0.312457 1.18895 0.614866
1.31549 0.314945 1.19356 0.613467
1.31776 0.31744 1.19806 0.61217
1.32003 0.319941 1.20247 0.610839
1.32229 0.322445 1.20705 0.609576
1.32454 0.324955 1.21149 0.60826
1.32679 0.327468 1.21589 0.606926
1.32904 0.329981 1.2204 0.605633
1.33129 0.332501 1.22473 0.604416
1.33353 0.335022 1.22918 0.603106
1.33576 0.337546 1.23361 0.601782
1.338 0.340078 1.23785 0.600534
1.34023 0.342614 1.2422 0.599186
1.34245 0.34515 1.24641 0.597922
1.34468 0.347683 1.25067 0.596677
1.3469 0.350212 1.25516 0.595375
1.34912 0.352743 1.25942 0.594125
1.35134 0.355279 1.26363 0.592854
1.35355 0.357819 1.26784 0.591591
1.35576 0.360363 1.27212 0.590354
1.35796 0.362913 1.27633 0.589099
1.36016 0.365465 1.28051 0.587829
1.36236 0.368023 1.28453 0.586644
1.36455 0.370581 1.28873 0.585381
1.36675 0.373137 1.29293 0.58412
1.36894 0.375694 1.29714 0.582854
1.37112 0.378255 1.3012 0.581683
1.37331 0.380817 1.30518 0.580473
1.37549 0.383382 1.30935 0.57919
1.37767 0.38595 1.31333 0.577983
1.37985 0.388517 1.31733 0.576772
1.38203 0.391088 1.32148 0.575633
1.3842 0.393664 1.32547 0.574419
1.38637 0.396241 1.32924 0.573113
1.38854 0.398819 1.33318 0.571872
1.3907 0.401403 1.3371 0.570777
1.39287 0.403987 1.3411 0.569556
1.39503 0.406573 1.34487 0.568388
1.39718 0.409164 1.34867 0.567233
1.39934 0.411756 1.35247 0.566065
1.40149 0.414352 1.35608 0.564972
1.40364 0.416955 1.35986 0.563797
1.40578 0.419563 1.36336 0.562653
1.40792 0.422172 1.36692 0.561527
1.41006 0.424786 1.37034 0.560487
1.41219 0.427399 1.37397 0.559377
1.41433 0.430015 1.37741 0.558333
1.41646 0.43264 1.38078 0.557259
1.41859 0.435261 1.38418 0.556179
1.42071 0.437884 1.38741 0.555174
1.42284 0.440508 1.39052 0.554109
1.42496 0.443131 1.39372 0.553067
1.42709 0.445753 1.39687 0.551991
1.42921 0.448377 1.3999 0.55101
1.43134 0.451003 1.40293 0.550015
1.43346 0.453626 1.40589 0.548978
1.43558 0.456251 1.40864 0.547995
1.4377 0.458872 1.41149 0.547039
1.43983 0.461488 1.41435 0.546065
1.44195 0.464106 1.41717 0.545068
1.44407 0.466726 1.41992 0.544029
1.44619 0.469346 1.42247 0.54305
1.44831 0.471968 1.42513 0.542107
1.45042 0.474594 1.42777 0.541151
1.45254 0.477221 1.43016 0.540235
1.45465 0.47985 1.43271 0.539225
1.45676 0.482484 1.43484 0.538345
1.45888 0.485115 1.43707 0.537347
1.46099 0.487743 1.43884 0.536449
1.4631 0.49037 1.44035 0.53559
1.46521 0.493 1.44147 0.53487
1.46733 0.495627 1.44263 0.534341
1.46945 0.498248 1.44383 0.534038
1.47158 0.500858 1.44502 0.534146
1.47373 0.503461 1.44604 0.534666
1.47588 0.506056 1.44702 0.535693
1.47805 0.508642 1.44803 0.537125
1.48023 0.51122 1.4488 0.539023
1.48241 0.513796 1.44935 0.541374
1.48457 0.516385 1.45031 0.543984
1.4867 0.518999 1.4867 0.518999
