-0.505114 0.387868 0
-0.505114 0.387868 0

-0.504032 0.384673 0
-0.505656 0.387266 0.000189405

-0.502939 0.381481 0
-0.506344 0.386527 0.000427777

-0.501834 0.378293 0
-0.505695 0.387336 0.000192987

-0.500716 0.37511 0
-0.505864 0.387231 0.000244757

-0.499587 0.371931 0
-0.508024 0.386393 0.00770117

-0.498445 0.368757 0
-0.510332 0.385287 0.0150663

-0.49729 0.365587 0
-0.512203 0.384248 0.0204039

-0.496124 0.362422 0
-0.51374 0.383428 0.0249494

-0.494945 0.359261 0
-0.515136 0.382685 0.0291109

-0.493753 0.356105 0
-0.516501 0.38193 0.0330975

-0.492549 0.352953 0
-0.517706 0.381308 0.0368619

-0.491333 0.349807 0
-0.518852 0.380704 0.0404379

-0.490103 0.346665 0
-0.519982 0.380102 0.0440138

-0.488861 0.343529 0
-0.521097 0.379496 0.0475898

-0.487605 0.340397 0
-0.522198 0.378858 0.0509895

-0.486337 0.337271 0
-0.523198 0.378312 0.0543582

-0.485055 0.33415 0
-0.52421 0.377732 0.0577341

-0.483759 0.331035 0
-0.525253 0.377094 0.061124

-0.482451 0.327925 0
-0.526212 0.376528 0.0644873

-0.481128 0.32482 0
-0.527075 0.376023 0.0676411

-0.479792 0.321721 0
-0.527983 0.375466 0.0709922

-0.478442 0.318628 0
-0.528941 0.374803 0.0741855

-0.477078 0.315542 0
-0.529824 0.374224 0.0775337

-0.475699 0.312461 0
-0.530598 0.373721 0.0806666

-0.474306 0.309386 0
-0.531409 0.373152 0.0838147

-0.472898 0.306318 0
-0.532235 0.372561 0.0871512

-0.471476 0.303256 0
-0.533037 0.37195 0.0903024

-0.470039 0.300202 0
-0.533841 0.371328 0.0936392

-0.468586 0.297154 0
-0.534619 0.370693 0.0967884

-0.467118 0.294113 0
-0.535346 0.370108 0.100105

-0.465635 0.291079 0
-0.536054 0.369518 0.103419

-0.464136 0.288053 0
-0.536723 0.368946 0.106724

-0.46262 0.285035 0
-0.53743 0.368303 0.110049

-0.461089 0.282024 0
-0.53816 0.367608 0.113386

-0.459542 0.279022 0
-0.538819 0.366979 0.116889

-0.457977 0.276028 0
-0.539443 0.366353 0.1202

-0.456396 0.273043 0
-0.540091 0.365684 0.123712

-0.454798 0.270067 0
-0.540715 0.365016 0.127222

-0.453183 0.267099 0
-0.541255 0.364419 0.130709

-0.451551 0.264142 0
-0.541829 0.363762 0.134404

-0.4499 0.261194 0
-0.542449 0.363025 0.138123

-0.448232 0.258256 0
-0.542996 0.362344 0.141826

-0.446546 0.255328 0
-0.543509 0.361678 0.145526

-0.444841 0.252411 0
-0.544066 0.360935 0.14944

-0.443118 0.249505 0
-0.544545 0.360255 0.153338

-0.441377 0.24661 0
-0.545032 0.359539 0.157249

-0.439616 0.243726 0
-0.545478 0.358841 0.161347

-0.437836 0.240855 0
-0.545883 0.358163 0.165442

-0.436037 0.237995 0
-0.546371 0.357365 0.169579

-0.434219 0.235148 0
-0.546743 0.356666 0.173879

-0.432381 0.232313 0
-0.547084 0.355976 0.178182

-0.430523 0.229492 0
-0.547486 0.355181 0.182712

-0.428646 0.226684 0
-0.547825 0.354431 0.187233

-0.426748 0.223889 0
-0.54821 0.353604 0.191784

-0.42483 0.221108 0
-0.548458 0.352894 0.196495

-0.422892 0.218342 0
-0.548609 0.352266 0.201188

-0.420934 0.21559 0
-0.548796 0.351572 0.205907

-0.418955 0.212852 0
-0.549035 0.350779 0.210854

-0.416956 0.210129 0
-0.549249 0.349989 0.215807

-0.414937 0.207422 0
-0.549375 0.349255 0.22094

-0.412897 0.204729 0
-0.549383 0.348628 0.226047

-0.410837 0.202053 0
-0.549436 0.347929 0.231184

-0.408756 0.199392 0
-0.549384 0.347302 0.236495

-0.406655 0.196747 0
-0.549376 0.3466 0.241836

-0.404534 0.194118 0
-0.549309 0.345942 0.247169

-0.402392 0.191505 0
-0.549294 0.345202 0.252534

-0.400231 0.188909 0
-0.54918 0.344552 0.257875

-0.39805 0.186329 0
-0.548961 0.343974 0.263391

-0.395848 0.183766 0
-0.548858 0.343268 0.268759

-0.393628 0.18122 0
-0.548647 0.342635 0.2743

-0.391388 0.178691 0
-0.548316 0.342147 0.279607

-0.389128 0.176178 0
-0.547993 0.341627 0.284927

-0.38685 0.173683 0
-0.547733 0.341015 0.290277

-0.384554 0.171204 0
-0.547355 0.340516 0.295593

-0.382238 0.168743 0
-0.546927 0.340048 0.300898

-0.379905 0.166298 0
-0.546544 0.339543 0.306025

-0.377554 0.163871 0
-0.546064 0.339088 0.311325

-0.375185 0.16146 0
-0.545603 0.338661 0.316234

-0.372799 0.159067 0
-0.545037 0.338292 0.321312

-0.370396 0.156691 0
-0.5445 0.337905 0.326203

-0.367976 0.154332 0
-0.543899 0.337563 0.331075

-0.36554 0.15199 0
-0.543336 0.337194 0.335761

-0.363088 0.149664 0
-0.542718 0.336862 0.34043

-0.36062 0.147356 0
-0.542144 0.336455 0.345118

-0.358137 0.145064 0
-0.541536 0.336104 0.349592

-0.355638 0.142789 0
-0.540937 0.335715 0.354071

-0.353125 0.140531 0
-0.540217 0.335435 0.358509

-0.350598 0.13829 0
-0.539453 0.335225 0.362728

-0.348056 0.136065 0
-0.538648 0.335036 0.366932

-0.3455 0.133856 0
-0.537989 0.33465 0.371188

-0.342931 0.131663 0
-0.537234 0.334399 0.375206

-0.340349 0.129487 0
-0.536378 0.334233 0.379188

-0.337753 0.127327 0
-0.535599 0.333952 0.383194

-0.335145 0.125183 0
-0.534825 0.333691 0.386997

-0.332524 0.123055 0
-0.533934 0.333535 0.390756

-0.329891 0.120942 0
-0.533121 0.333262 0.394539

-0.327246 0.118845 0
-0.532319 0.333008 0.398119

-0.324589 0.116764 0
-0.531442 0.332748 0.401873

-0.32192 0.114698 0
-0.530523 0.332568 0.405403

-0.31924 0.112647 0
-0.529555 0.332414 0.408912

-0.316549 0.110612 0
-0.528624 0.332256 0.412226

-0.313847 0.108591 0
-0.527637 0.332065 0.415717

-0.311133 0.106586 0
-0.526714 0.33184 0.419021

-0.308409 0.104595 0
-0.52575 0.331634 0.422304

-0.305675 0.102619 0
-0.52484 0.331408 0.425398

-0.302929 0.100657 0
-0.523741 0.331294 0.428618

-0.300174 0.0987103 0
-0.52267 0.331192 0.431639

-0.297408 0.0967779 0
-0.521562 0.331029 0.434841

-0.294631 0.0948599 0
-0.520613 0.330732 0.437887

-0.291845 0.0929563 0
-0.519573 0.330509 0.440893

-0.289049 0.091067 0
-0.518495 0.330301 0.443875

-0.286242 0.089192 0
-0.517414 0.330146 0.446646

-0.283426 0.0873313 0
-0.516207 0.330025 0.449561

-0.2806 0.085485 0
-0.515053 0.329811 0.452486

-0.277764 0.083653 0
-0.513928 0.32962 0.455208

-0.274918 0.0818354 0
-0.512711 0.329419 0.458086

-0.272063 0.0800322 0
-0.51149 0.329279 0.460752

-0.269198 0.0782436 0
-0.510169 0.329223 0.46337

-0.266323 0.0764697 0
-0.50887 0.329023 0.466182

-0.263439 0.0747105 0
-0.507665 0.328775 0.468814

-0.260545 0.0729663 0
-0.506306 0.328583 0.471578

-0.257641 0.0712372 0
-0.504996 0.328394 0.474147

-0.254728 0.0695234 0
-0.503555 0.328234 0.476853

-0.251806 0.0678252 0
-0.502134 0.32802 0.479552

-0.248873 0.0661429 0
-0.500704 0.327782 0.482231

-0.245932 0.0644766 0
-0.499226 0.327567 0.484877

-0.24298 0.0628268 0
-0.497681 0.327396 0.487485

-0.24002 0.0611937 0
-0.496127 0.327205 0.490071

-0.237049 0.0595778 0
-0.49442 0.327062 0.492784

-0.23407 0.0579793 0
-0.492734 0.326859 0.495486

-0.23108 0.0563988 0
-0.490991 0.326689 0.49815

-0.228081 0.0548365 0
-0.489305 0.32642 0.500814

-0.225073 0.053293 0
-0.487549 0.326196 0.503433

-0.222055 0.0517687 0
-0.485642 0.326011 0.506175

-0.219028 0.0502638 0
-0.483705 0.325828 0.508883

-0.215991 0.048779 0
-0.481726 0.325656 0.511557

-0.212944 0.0473146 0
-0.479719 0.325481 0.514198

-0.209888 0.045871 0
-0.477701 0.325286 0.516812

-0.206823 0.0444486 0
-0.475529 0.325127 0.519541

-0.203748 0.0430478 0
-0.473475 0.324903 0.522096

-0.200664 0.0416691 0
-0.471281 0.324699 0.524768

-0.19757 0.0403128 0
-0.469034 0.32452 0.527396

-0.194467 0.0389792 0
-0.466757 0.324339 0.529988

-0.191355 0.0376686 0
-0.464284 0.324238 0.532671

-0.188234 0.0363815 0
-0.461918 0.324089 0.535177

-0.185103 0.0351179 0
-0.459424 0.32394 0.537797

-0.181964 0.0338783 0
-0.457029 0.323749 0.540237

-0.178815 0.0326628 0
-0.454434 0.323642 0.542763

-0.175658 0.0314716 0
-0.451914 0.323524 0.545101

-0.172491 0.0303048 0
-0.449273 0.323396 0.547551

-0.169317 0.0291625 0
-0.446743 0.323217 0.549827

-0.166133 0.0280448 0
-0.444009 0.323122 0.552181

-0.162941 0.0269517 0
-0.441345 0.323025 0.554349

-0.159741 0.0258831 0
-0.438561 0.322913 0.556623

-0.156533 0.0248389 0
-0.435854 0.322792 0.558712

-0.153317 0.0238192 0
-0.433087 0.322705 0.56075

-0.150094 0.0228235 0
-0.430437 0.322567 0.562622

-0.146863 0.0218519 0
-0.427612 0.322476 0.564576

-0.143624 0.020904 0
-0.424873 0.322371 0.566357

-0.140379 0.0199797 0
-0.422107 0.322263 0.568096

-0.137126 0.0190786 0
-0.4193 0.32217 0.569791

-0.133867 0.0182005 0
-0.416464 0.322076 0.571446

-0.130601 0.0173451 0
-0.413756 0.321928 0.572945

-0.12733 0.0165121 0
-0.41098 0.321826 0.574394

-0.124052 0.0157012 0
-0.408174 0.321727 0.575803

-0.120768 0.014912 0
-0.405479 0.321596 0.577059

-0.117479 0.0141443 0
-0.402741 0.321489 0.578272

-0.114185 0.0133978 0
-0.399996 0.321357 0.579455

-0.110885 0.0126722 0
-0.397244 0.321206 0.580609

-0.107581 0.0119672 0
-0.394448 0.321078 0.581722

-0.104272 0.0112825 0
-0.391742 0.320952 0.582681

-0.100958 0.0106179 0
-0.389018 0.32082 0.583613

-0.0976409 0.00997328 0
-0.386277 0.320684 0.584514

-0.0943194 0.00934834 0
-0.383511 0.320549 0.585379

-0.0909942 0.00874298 0
-0.38073 0.320409 0.586217

-0.0876654 0.00815707 0
-0.377944 0.320252 0.587031

-0.0843332 0.00759055 0
-0.375257 0.320096 0.587707

-0.0809979 0.00704337 0
-0.372387 0.319992 0.588446

-0.0776596 0.00651556 0
-0.369667 0.319829 0.589063

-0.0743184 0.00600713 0
-0.366782 0.319699 0.589752

-0.0709746 0.00551816 0
-0.363885 0.319563 0.590417

-0.0676283 0.00504875 0
-0.360963 0.319439 0.591049

-0.0642796 0.00459901 0
-0.358006 0.319334 0.591643

-0.0609288 0.00416907 0
-0.355027 0.319235 0.592208

-0.0575758 0.0037591 0
-0.35205 0.319118 0.592753

-0.0542209 0.00336926 0
-0.349058 0.319003 0.593271

-0.0508642 0.00299972 0
-0.345895 0.318925 0.593846

-0.0475058 0.00265068 0
-0.342873 0.318813 0.594309

-0.0441458 0.00232231 0
-0.339662 0.318758 0.594815

-0.0407843 0.0020148 0
-0.336436 0.318705 0.595295

-0.0374215 0.00172833 0
-0.333205 0.318647 0.595748

-0.0340575 0.00146308 0
-0.329952 0.3186 0.596171

-0.0306923 0.00121921 0
-0.326695 0.318547 0.596569

-0.0273261 0.00099687 0
-0.323418 0.318507 0.596939

-0.0239589 0.00079619 0
-0.319962 0.318513 0.597342

-0.0205908 0.00061729 0
-0.316651 0.31849 0.597647

-0.0172219 0.00046025 0
-0.31317 0.318505 0.597992

-0.0138524 0.00032513 0
-0.309835 0.318494 0.598243

-0.0104823 0.00021196 0
-0.306325 0.318528 0.598529

-0.00711169 0.00012073 0
-0.302964 0.318536 0.598727

-0.00374063 5.14e-05 0
-0.299594 0.318552 0.5989

-0.00036922 3.88e-06 0
-0.296047 0.318614 0.599103

0.00300245 -2.193e-05 0
-0.292655 0.318648 0.59922

0.00637431 -2.618e-05 0
-0.28925 0.318696 0.599313

0.00974626 -9.05e-06 0
-0.285996 0.318722 0.599334

0.0131182 2.928e-05 0
-0.282575 0.318792 0.599384

0.0164902 8.859e-05 0
-0.279309 0.318838 0.599368

0.0198619 0.00016865 0
-0.276036 0.318897 0.599333

0.0232335 0.00026921 0
-0.272757 0.318965 0.599275

0.0266047 0.00039004 0
-0.269472 0.319046 0.599202

0.0299755 0.00053086 0
-0.266349 0.319106 0.599077

0.0333458 0.00069143 0
-0.263221 0.319179 0.598941

0.0367156 0.00087148 0
-0.26009 0.319261 0.598787

0.0400846 0.00107077 0
-0.256957 0.319359 0.598623

0.0434529 0.00128906 0
-0.253989 0.319434 0.59842

0.0468202 0.00152611 0
-0.250853 0.319555 0.598242

0.0501866 0.00178171 0
-0.247884 0.319655 0.598018

0.0535519 0.00205567 0
-0.244914 0.319768 0.597792

0.056916 0.00234782 0
-0.241947 0.319895 0.597565

0.0602787 0.00265802 0
-0.23898 0.320034 0.597328

0.0636399 0.00298614 0
-0.236182 0.320153 0.597064

0.0669996 0.00333212 0
-0.23322 0.320319 0.596825

0.0703576 0.00369591 0
-0.230262 0.320498 0.596581

0.0737136 0.00407752 0
-0.227473 0.320658 0.596314

0.0770677 0.00447697 0
-0.224523 0.320863 0.596068

0.0804196 0.00489436 0
-0.221579 0.321082 0.59582

0.0837691 0.00532981 0
-0.218637 0.321316 0.595566

0.0871162 0.00578349 0
-0.215702 0.321563 0.595315

0.0904606 0.00625559 0
-0.212772 0.321825 0.595068

0.0938021 0.00674634 0
-0.209848 0.322102 0.594813

0.0971407 0.00725597 0
-0.206763 0.322426 0.594569

0.100476 0.00778477 0
-0.203685 0.322764 0.594326

0.103808 0.00833301 0
-0.200614 0.323117 0.594081

0.107136 0.008901 0
-0.19755 0.323486 0.593829

0.110461 0.00948905 0
-0.194325 0.323903 0.593581

0.113782 0.0100975 0
-0.191109 0.324334 0.593331

0.117099 0.0107266 0
-0.187732 0.324815 0.593078

0.120411 0.0113767 0
-0.184531 0.325281 0.592821

0.123719 0.0120482 0
-0.18117 0.325794 0.592554

0.127022 0.0127414 0
-0.177649 0.326356 0.592276

0.13032 0.0134564 0
-0.174305 0.326905 0.592

0.133614 0.0141937 0
-0.170801 0.327502 0.59171

0.136902 0.0149534 0
-0.167306 0.328117 0.591414

0.140184 0.0157359 0
-0.163654 0.328781 0.591099

0.143462 0.0165413 0
-0.160009 0.329465 0.590775

0.146733 0.0173698 0
-0.156375 0.330165 0.590443

0.149999 0.0182215 0
-0.15275 0.330886 0.590103

0.153258 0.0190967 0
-0.148966 0.331656 0.589735

0.156511 0.0199952 0
-0.145193 0.332445 0.589359

0.159758 0.0209172 0
-0.141431 0.333253 0.588972

0.162999 0.0218627 0
-0.13768 0.334079 0.588578

0.166233 0.0228315 0
-0.133939 0.334926 0.588175

0.16946 0.0238237 0
-0.130041 0.335823 0.587738

0.17268 0.0248392 0
-0.126155 0.336739 0.587291

0.175894 0.0258776 0
-0.122281 0.337674 0.586835

0.1791 0.026939 0
-0.118586 0.338597 0.586403

0.182299 0.0280231 0
-0.114735 0.33957 0.585933

0.185491 0.0291297 0
-0.11073 0.340595 0.585421

0.188675 0.0302586 0
-0.106904 0.341608 0.584936

0.191852 0.0314095 0
-0.10309 0.342638 0.584445

0.195022 0.0325822 0
-0.0992901 0.343688 0.583948

0.198183 0.0337763 0
-0.0953363 0.344788 0.583408

0.201337 0.0349916 0
-0.0915609 0.345877 0.582902

0.204483 0.0362279 0
-0.0876332 0.347014 0.58235

0.207621 0.0374848 0
-0.0838842 0.348139 0.581835

0.210751 0.0387619 0
-0.0799834 0.349313 0.581274

0.213873 0.0400591 0
-0.076261 0.350475 0.580752

0.216987 0.041376 0
-0.072386 0.351687 0.58018

0.220093 0.0427123 0
-0.0685262 0.352917 0.579606

0.22319 0.0440678 0
-0.0648445 0.354132 0.579076

0.226279 0.0454421 0
-0.0610116 0.355396 0.578495

0.229359 0.046835 0
-0.0571909 0.356679 0.577911

0.232431 0.0482462 0
-0.0533842 0.357979 0.577325

0.235494 0.0496755 0
-0.049757 0.359262 0.576788

0.238548 0.0511227 0
-0.0459791 0.360594 0.576197

0.241594 0.0525876 0
-0.0422115 0.361945 0.575603

0.244631 0.05407 0
-0.0384587 0.363312 0.575006

0.247659 0.0555698 0
-0.0347217 0.364692 0.574407

0.250678 0.0570868 0
-0.0309935 0.366094 0.573802

0.253688 0.0586208 0
-0.0272835 0.367506 0.573197

0.256689 0.0601719 0
-0.0235812 0.368938 0.572586

0.259681 0.0617398 0
-0.0198976 0.370379 0.571975

0.262663 0.0633245 0
-0.0162239 0.371838 0.571358

0.265637 0.064926 0
-0.0123989 0.373348 0.570677

0.2686 0.0665441 0
-0.00874777 0.374839 0.57005

0.271555 0.0681789 0
-0.00511479 0.376338 0.569421

0.274499 0.0698303 0
-0.0014902 0.377854 0.568786

0.277434 0.0714984 0
0.00228397 0.37942 0.568079

0.28036 0.073183 0
0.00588635 0.380965 0.567429

0.283275 0.0748842 0
0.00963334 0.382554 0.566709

0.28618 0.076602 0
0.0132073 0.384117 0.566046

0.289076 0.0783365 0
0.0167718 0.385696 0.565375

0.291961 0.0800876 0
0.020488 0.387324 0.564628

0.294836 0.0818553 0
0.0240303 0.388926 0.56394

0.2977 0.0836398 0
0.0277173 0.39057 0.563174

0.300554 0.0854411 0
0.0312384 0.392194 0.562464

0.303397 0.0872591 0
0.0349075 0.393864 0.561672

0.30623 0.089094 0
0.0384087 0.395509 0.560938

0.309052 0.0909457 0
0.0420596 0.397201 0.560119

0.311862 0.0928144 0
0.0455343 0.398857 0.559362

0.314662 0.0947001 0
0.0489954 0.400518 0.558593

0.31745 0.0966029 0
0.0526159 0.402235 0.557731

0.320226 0.0985227 0
0.0560639 0.403918 0.556931

0.322991 0.10046 0
0.0596598 0.405645 0.556036

0.325744 0.102414 0
0.0630916 0.407346 0.555199

0.328485 0.104385 0
0.0665075 0.409044 0.554348

0.331214 0.106374 0
0.0700747 0.41079 0.553398

0.33393 0.10838 0
0.0734911 0.412521 0.552503

0.336634 0.110403 0
0.076884 0.414239 0.551595

0.339325 0.112444 0
0.0802667 0.415959 0.550667

0.342003 0.114502 0
0.0837877 0.417711 0.549639

0.344668 0.116578 0
0.0871529 0.419439 0.548668

0.347319 0.118671 0
0.0905288 0.421191 0.547667

0.349957 0.120781 0
0.0938936 0.422942 0.546644

0.35258 0.122909 0
0.0972251 0.424667 0.545607

0.35519 0.125054 0
0.100729 0.426462 0.544447

0.357785 0.127217 0
0.104071 0.42822 0.54335

0.360366 0.129397 0
0.107383 0.429952 0.542236

0.362932 0.131595 0
0.110706 0.431705 0.541089

0.365484 0.13381 0
0.114027 0.433464 0.539914

0.36802 0.136043 0
0.117492 0.43526 0.538619

0.37054 0.138293 0
0.12078 0.436998 0.537392

0.373046 0.14056 0
0.124074 0.43875 0.536132

0.375535 0.142845 0
0.127369 0.440508 0.534841

0.378008 0.145147 0
0.130803 0.442298 0.533424

0.380466 0.147466 0
0.134069 0.444035 0.532077

0.382907 0.149802 0
0.137366 0.445813 0.530687

0.385331 0.152155 0
0.140811 0.447631 0.529164

0.387739 0.154525 0
0.144074 0.449377 0.527719

0.39013 0.156913 0
0.147331 0.451122 0.526242

0.392504 0.159317 0
0.150722 0.452893 0.52463

0.39486 0.161737 0
0.153969 0.454632 0.523085

0.3972 0.164175 0
0.157371 0.456421 0.521398

0.399522 0.166629 0
0.16062 0.458168 0.519781

0.401827 0.169099 0
0.164003 0.459941 0.518027

0.404113 0.171586 0
0.167335 0.461659 0.516253

0.406383 0.174088 0
0.170568 0.463392 0.514536

0.408634 0.176607 0
0.173968 0.465191 0.512664

0.410867 0.179142 0
0.177349 0.466971 0.510758

0.413083 0.181692 0
0.180596 0.468724 0.508925

0.41528 0.184258 0
0.183996 0.470527 0.506939

0.41746 0.186839 0
0.187328 0.472253 0.504939

0.419621 0.189435 0
0.190497 0.473919 0.503024

0.421764 0.192046 0
0.193803 0.475617 0.500958

0.423889 0.194672 0
0.197146 0.477355 0.498843

0.425996 0.197313 0
0.200547 0.479164 0.496666

0.428085 0.199967 0
0.203753 0.48087 0.49459

0.430155 0.202637 0
0.207046 0.482555 0.492377

0.432207 0.20532 0
0.210354 0.484256 0.490122

0.434242 0.208017 0
0.213696 0.485996 0.487817

0.436257 0.210728 0
0.216825 0.487612 0.485624

0.438255 0.213452 0
0.220129 0.489307 0.48326

0.440235 0.216189 0
0.22349 0.491069 0.480837

0.442196 0.218939 0
0.226833 0.49281 0.478384

0.44414 0.221702 0
0.230081 0.494441 0.475928

0.446066 0.224477 0
0.233353 0.4961 0.473428

0.447973 0.227265 0
0.236654 0.497793 0.470882

0.449863 0.230065 0
0.239789 0.499408 0.46844

0.451735 0.232877 0
0.243022 0.501022 0.465848

0.453589 0.235701 0
0.246286 0.502671 0.463209

0.455425 0.238536 0
0.249612 0.504392 0.460514

0.457244 0.241382 0
0.252891 0.50606 0.4578

0.459045 0.244239 0
0.256126 0.507677 0.455069

0.460828 0.247108 0
0.259384 0.509321 0.452297

0.462594 0.249987 0
0.262794 0.511029 0.449351

0.464343 0.252876 0
0.266038 0.512659 0.446516

0.466074 0.255776 0
0.26922 0.51422 0.44367

0.467788 0.258686 0
0.272458 0.515846 0.440773

0.469485 0.261606 0
0.275679 0.517452 0.437851

0.471164 0.264536 0
0.279034 0.519109 0.434759

0.472827 0.267475 0
0.282277 0.520744 0.431767

0.474473 0.270424 0
0.285643 0.522418 0.428609

0.476102 0.273381 0
0.288829 0.523994 0.425575

0.477714 0.276348 0
0.292142 0.525616 0.422373

0.479309 0.279324 0
0.295307 0.527173 0.419289

0.480888 0.282308 0
0.298625 0.528806 0.416027

0.48245 0.285301 0
0.301874 0.530365 0.412761

0.483996 0.288303 0
0.305056 0.531952 0.409585

0.485525 0.291312 0
0.308385 0.533612 0.406233

0.487039 0.29433 0
0.311683 0.535241 0.402864

0.488536 0.297355 0
0.314906 0.536789 0.399495

0.490017 0.300389 0
0.318087 0.538296 0.396114

0.491482 0.30343 0
0.321361 0.539913 0.392674

0.492931 0.306478 0
0.324706 0.541619 0.389182

0.494365 0.309534 0
0.327988 0.543259 0.385688

0.495783 0.312597 0
0.331187 0.54481 0.382198

0.497186 0.315666 0
0.33448 0.546383 0.378548

0.498573 0.318743 0
0.337667 0.547936 0.375012

0.499945 0.321827 0
0.34083 0.549469 0.371462

0.501301 0.324917 0
0.344059 0.551083 0.367866

0.502643 0.328013 0
0.347325 0.552747 0.364236

0.50397 0.331116 0
0.350618 0.55436 0.360468

0.505282 0.334225 0
0.353721 0.555856 0.356849

0.506579 0.337341 0
0.356833 0.557371 0.353206

0.507862 0.340462 0
0.359993 0.558948 0.349527

0.509131 0.343589 0
0.363248 0.560555 0.345686

0.510385 0.346721 0
0.366349 0.562083 0.341987

0.511625 0.34986 0
0.369435 0.563605 0.338274

0.512851 0.353003 0
0.372518 0.565131 0.334543

0.514064 0.356152 0
0.37559 0.566654 0.330799

0.515262 0.359307 0
0.378643 0.568166 0.327043

0.516448 0.362466 0
0.381692 0.569683 0.323271

0.51762 0.36563 0
0.384719 0.571187 0.319489

0.518778 0.368799 0
0.387803 0.572765 0.315671

0.519924 0.371973 0
0.390846 0.574308 0.311852

0.521056 0.375152 0
0.393684 0.575707 0.308203

0.522176 0.378335 0
0.396665 0.5772 0.304376

0.523283 0.381522 0
0.399655 0.578716 0.300529

0.524378 0.384714 0
0.40251 0.580167 0.296832

0.525461 0.38791 0
0.405458 0.581659 0.292971

0.526531 0.39111 0
0.408253 0.583064 0.289269

0.527589 0.394314 0
0.41108 0.584516 0.285543

0.528635 0.397521 0
0.41393 0.586005 0.281798

0.52967 0.400733 0
0.416752 0.587477 0.278049

0.530693 0.403949 0
0.419516 0.588893 0.274309

0.531705 0.407168 0
0.422266 0.590305 0.270563

0.532705 0.41039 0
0.425015 0.591729 0.266807

0.533694 0.413616 0
0.427697 0.59316 0.263185

0.534672 0.416845 0
0.430411 0.594568 0.259421

0.535639 0.420078 0
0.432975 0.595889 0.255822

0.536595 0.423314 0
0.435637 0.597263 0.252057

0.537541 0.426553 0
0.438239 0.598654 0.248426

0.538476 0.429795 0
0.440773 0.599979 0.24481

0.5394 0.433039 0
0.443419 0.601442 0.241148

0.540315 0.436287 0
0.445959 0.602798 0.237514

0.541219 0.439538 0
0.448458 0.604121 0.233887

0.542113 0.442791 0
0.451026 0.605533 0.230229

0.542997 0.446047 0
0.453486 0.606905 0.226727

0.543871 0.449306 0
0.455997 0.608278 0.223074

0.544736 0.452567 0
0.458477 0.609628 0.219425

0.54559 0.45583 0
0.460845 0.610933 0.215935

0.546435 0.459096 0
0.463252 0.612225 0.212298

0.547271 0.462365 0
0.465575 0.613503 0.208811

0.548097 0.465636 0
0.467931 0.614828 0.205307

0.548914 0.468909 0
0.470411 0.616243 0.201624

0.549722 0.472184 0
0.47275 0.617574 0.198113

0.550521 0.475461 0
0.475043 0.618864 0.194613

0.55131 0.478741 0
0.477336 0.620167 0.191106

0.552091 0.482023 0
0.479664 0.621521 0.187581

0.552863 0.485306 0
0.481948 0.622836 0.184066

0.553626 0.488592 0
0.484197 0.624122 0.180557

0.55438 0.49188 0
0.486361 0.625387 0.177204

0.555126 0.495169 0
0.488603 0.626687 0.173685

0.555864 0.49846 0
0.490853 0.628007 0.170157

0.556592 0.501754 0
0.49309 0.629322 0.166627

0.557313 0.505049 0
0.495261 0.630635 0.163247

0.558026 0.508345 0
0.497363 0.631877 0.159886

0.55873 0.511644 0
0.499549 0.633163 0.156354

0.559426 0.514944 0
0.501644 0.634417 0.152982

0.560115 0.518245 0
0.503732 0.63567 0.149606

0.560796 0.521549 0
0.505933 0.637059 0.146183

0.561469 0.524853 0
0.507999 0.638302 0.142801

0.562134 0.52816 0
0.509909 0.639374 0.139467

0.562792 0.531467 0
0.511933 0.640583 0.136084

0.563443 0.534777 0
0.513982 0.641886 0.132823

0.564087 0.538087 0
0.516034 0.643138 0.129416

0.564723 0.541399 0
0.517966 0.644317 0.126181

0.565353 0.544712 0
0.519914 0.645518 0.122932

0.565976 0.548027 0
0.521842 0.646701 0.119682

0.566592 0.551343 0
0.523686 0.647849 0.116594

0.567202 0.55466 0
0.525597 0.649018 0.113333

0.567805 0.557978 0
0.527347 0.650062 0.110261

0.568402 0.561297 0
0.529136 0.651152 0.107167

0.568993 0.564617 0
0.530856 0.65222 0.10423

0.569578 0.567939 0
0.532687 0.653359 0.101104

0.570158 0.571261 0
0.534423 0.654445 0.0981425

0.570731 0.574585 0
0.536105 0.655467 0.0951922

0.571299 0.577909 0
0.537795 0.656498 0.0922298

0.571862 0.581235 0
0.539411 0.657496 0.0894273

0.57242 0.584561 0
0.540937 0.658389 0.086648

0.572972 0.587888 0
0.542519 0.659342 0.0838394

0.57352 0.591216 0
0.544061 0.660246 0.0810352

0.574062 0.594545 0
0.545568 0.66116 0.0783784

0.5746 0.597875 0
0.547063 0.662055 0.0757174

0.575133 0.601205 0
0.548511 0.662889 0.0730642

0.575662 0.604536 0
0.54985 0.663651 0.0705836

0.576186 0.607868 0
0.551261 0.664487 0.0680698

0.576705 0.6112 0
0.552671 0.665315 0.0655483

0.577221 0.614534 0
0.554056 0.66611 0.0630262

0.577732 0.617867 0
0.555381 0.66683 0.0605164

0.57824 0.621202 0
0.556616 0.667494 0.0581765

0.578743 0.624537 0
0.557928 0.66824 0.0558013

0.579242 0.627872 0
0.559225 0.668964 0.0534235

0.579738 0.631209 0
0.560391 0.669584 0.0512313

0.580229 0.634545 0
0.561632 0.670235 0.0488582

0.580716 0.637877 0
0.562707 0.670795 0.0468305

0.581197 0.641195 0
0.563866 0.671396 0.0446205

0.58167 0.644483 0
0.564836 0.671883 0.0427641

0.582132 0.647717 0
0.565687 0.672283 0.0410915

0.58258 0.65087 0
0.566299 0.672514 0.0397915

0.583009 0.653914 0
0.566885 0.672767 0.0386428

0.583416 0.65682 0
0.567369 0.67296 0.0376736

0.583798 0.659563 0
0.567735 0.673126 0.0370368

0.584152 0.662126 0
0.56783 0.673096 0.0367877

0.584479 0.664495 0
0.56779 0.673025 0.0368806

0.584776 0.666664 0
0.567662 0.67292 0.0371551

0.585044 0.668634 0
0.567297 0.672661 0.0378135

0.585285 0.67041 0
0.56679 0.672359 0.0388249

0.5855 0.672002 0
0.566802 0.672714 0.0398145

0.587139 0.68466 0
0.587139 0.68466 4.70946e-19

