-0.505114 0.387868 0
-0.504032 0.384673 0
-0.502939 0.381481 0
-0.501834 0.378293 0
-0.500716 0.37511 0
-0.499587 0.371931 0
-0.498445 0.368757 0
-0.49729 0.365587 0
-0.496124 0.362422 0
-0.494945 0.359261 0
-0.493753 0.356105 0
-0.492549 0.352953 0
-0.491333 0.349807 0
-0.490103 0.346665 0
-0.488861 0.343529 0
-0.487605 0.340397 0
-0.486337 0.337271 0
-0.485055 0.33415 0
-0.483759 0.331035 0
-0.482451 0.327925 0
-0.481128 0.32482 0
-0.479792 0.321721 0
-0.478442 0.318628 0
-0.477078 0.315542 0
-0.475699 0.312461 0
-0.474306 0.309386 0
-0.472898 0.306318 0
-0.471476 0.303256 0
-0.470039 0.300202 0
-0.468586 0.297154 0
-0.467118 0.294113 0
-0.465635 0.291079 0
-0.464136 0.288053 0
-0.46262 0.285035 0
-0.461089 0.282024 0
-0.459542 0.279022 0
-0.457977 0.276028 0
-0.456396 0.273043 0
-0.454798 0.270067 0
-0.453183 0.267099 0
-0.451551 0.264142 0
-0.4499 0.261194 0
-0.448232 0.258256 0
-0.446546 0.255328 0
-0.444841 0.252411 0
-0.443118 0.249505 0
-0.441377 0.24661 0
-0.439616 0.243726 0
-0.437836 0.240855 0
-0.436037 0.237995 0
-0.434219 0.235148 0
-0.432381 0.232313 0
-0.430523 0.229492 0
-0.428646 0.226684 0
-0.426748 0.223889 0
-0.42483 0.221108 0
-0.422892 0.218342 0
-0.420934 0.21559 0
-0.418955 0.212852 0
-0.416956 0.210129 0
-0.414937 0.207422 0
-0.412897 0.204729 0
-0.410837 0.202053 0
-0.408756 0.199392 0
-0.406655 0.196747 0
-0.404534 0.194118 0
-0.402392 0.191505 0
-0.400231 0.188909 0
-0.39805 0.186329 0
-0.395848 0.183766 0
-0.393628 0.18122 0
-0.391388 0.178691 0
-0.389128 0.176178 0
-0.38685 0.173683 0
-0.384554 0.171204 0
-0.382238 0.168743 0
-0.379905 0.166298 0
-0.377554 0.163871 0
-0.375185 0.16146 0
-0.372799 0.159067 0
-0.370396 0.156691 0
-0.367976 0.154332 0
-0.36554 0.15199 0
-0.363088 0.149664 0
-0.36062 0.147356 0
-0.358137 0.145064 0
-0.355638 0.142789 0
-0.353125 0.140531 0
-0.350598 0.13829 0
-0.348056 0.136065 0
-0.3455 0.133856 0
-0.342931 0.131663 0
-0.340349 0.129487 0
-0.337753 0.127327 0
-0.335145 0.125183 0
-0.332524 0.123055 0
-0.329891 0.120942 0
-0.327246 0.118845 0
-0.324589 0.116764 0
-0.32192 0.114698 0
-0.31924 0.112647 0
-0.316549 0.110612 0
-0.313847 0.108591 0
-0.311133 0.106586 0
-0.308409 0.104595 0
-0.305675 0.102619 0
-0.302929 0.100657 0
-0.300174 0.0987103 0
-0.297408 0.0967779 0
-0.294631 0.0948599 0
-0.291845 0.0929563 0
-0.289049 0.091067 0
-0.286242 0.089192 0
-0.283426 0.0873313 0
-0.2806 0.085485 0
-0.277764 0.083653 0
-0.274918 0.0818354 0
-0.272063 0.0800322 0
-0.269198 0.0782436 0
-0.266323 0.0764697 0
-0.263439 0.0747105 0
-0.260545 0.0729663 0
-0.257641 0.0712372 0
-0.254728 0.0695234 0
-0.251806 0.0678252 0
-0.248873 0.0661429 0
-0.245932 0.0644766 0
-0.24298 0.0628268 0
-0.24002 0.0611937 0
-0.237049 0.0595778 0
-0.23407 0.0579793 0
-0.23108 0.0563988 0
-0.228081 0.0548365 0
-0.225073 0.053293 0
-0.222055 0.0517687 0
-0.219028 0.0502638 0
-0.215991 0.048779 0
-0.212944 0.0473146 0
-0.209888 0.045871 0
-0.206823 0.0444486 0
-0.203748 0.0430478 0
-0.200664 0.0416691 0
-0.19757 0.0403128 0
-0.194467 0.0389792 0
-0.191355 0.0376686 0
-0.188234 0.0363815 0
-0.185103 0.0351179 0
-0.181964 0.0338783 0
-0.178815 0.0326628 0
-0.175658 0.0314716 0
-0.172491 0.0303048 0
-0.169317 0.0291625 0
-0.166133 0.0280448 0
-0.162941 0.0269517 0
-0.159741 0.0258831 0
-0.156533 0.0248389 0
-0.153317 0.0238192 0
-0.150094 0.0228235 0
-0.146863 0.0218519 0
-0.143624 0.020904 0
-0.140379 0.0199797 0
-0.137126 0.0190786 0
-0.133867 0.0182005 0
-0.130601 0.0173451 0
-0.12733 0.0165121 0
-0.124052 0.0157012 0
-0.120768 0.014912 0
-0.117479 0.0141443 0
-0.114185 0.0133978 0
-0.110885 0.0126722 0
-0.107581 0.0119672 0
-0.104272 0.0112825 0
-0.100958 0.0106179 0
-0.0976409 0.00997328 0
-0.0943194 0.00934834 0
-0.0909942 0.00874298 0
-0.0876654 0.00815707 0
-0.0843332 0.00759055 0
-0.0809979 0.00704337 0
-0.0776596 0.00651556 0
-0.0743184 0.00600713 0
-0.0709746 0.00551816 0
-0.0676283 0.00504875 0
-0.0642796 0.00459901 0
-0.0609288 0.00416907 0
-0.0575758 0.0037591 0
-0.0542209 0.00336926 0
-0.0508642 0.00299972 0
-0.0475058 0.00265068 0
-0.0441458 0.00232231 0
-0.0407843 0.0020148 0
-0.0374215 0.00172833 0
-0.0340575 0.00146308 0
-0.0306923 0.00121921 0
-0.0273261 0.00099687 0
-0.0239589 0.00079619 0
-0.0205908 0.00061729 0
-0.0172219 0.00046025 0
-0.0138524 0.00032513 0
-0.0104823 0.00021196 0
-0.00711169 0.00012073 0
-0.00374063 5.14e-05 0
-0.00036922 3.88e-06 0
0.00300245 -2.193e-05 0
0.00637431 -2.618e-05 0
0.00974626 -9.05e-06 0
0.0131182 2.928e-05 0
0.0164902 8.859e-05 0
0.0198619 0.00016865 0
0.0232335 0.00026921 0
0.0266047 0.00039004 0
0.0299755 0.00053086 0
0.0333458 0.00069143 0
0.0367156 0.00087148 0
0.0400846 0.00107077 0
0.0434529 0.00128906 0
0.0468202 0.00152611 0
0.0501866 0.00178171 0
0.0535519 0.00205567 0
0.056916 0.00234782 0
0.0602787 0.00265802 0
0.0636399 0.00298614 0
0.0669996 0.00333212 0
0.0703576 0.00369591 0
0.0737136 0.00407752 0
0.0770677 0.00447697 0
0.0804196 0.00489436 0
0.0837691 0.00532981 0
0.0871162 0.00578349 0
0.0904606 0.00625559 0
0.0938021 0.00674634 0
0.0971407 0.00725597 0
0.100476 0.00778477 0
0.103808 0.00833301 0
0.107136 0.008901 0
0.110461 0.00948905 0
0.113782 0.0100975 0
0.117099 0.0107266 0
0.120411 0.0113767 0
0.123719 0.0120482 0
0.127022 0.0127414 0
0.13032 0.0134564 0
0.133614 0.0141937 0
0.136902 0.0149534 0
0.140184 0.0157359 0
0.143462 0.0165413 0
0.146733 0.0173698 0
0.149999 0.0182215 0
0.153258 0.0190967 0
0.156511 0.0199952 0
0.159758 0.0209172 0
0.162999 0.0218627 0
0.166233 0.0228315 0
0.16946 0.0238237 0
0.17268 0.0248392 0
0.175894 0.0258776 0
0.1791 0.026939 0
0.182299 0.0280231 0
0.185491 0.0291297 0
0.188675 0.0302586 0
0.191852 0.0314095 0
0.195022 0.0325822 0
0.198183 0.0337763 0
0.201337 0.0349916 0
0.204483 0.0362279 0
0.207621 0.0374848 0
0.210751 0.0387619 0
0.213873 0.0400591 0
0.216987 0.041376 0
0.220093 0.0427123 0
0.22319 0.0440678 0
0.226279 0.0454421 0
0.229359 0.046835 0
0.232431 0.0482462 0
0.235494 0.0496755 0
0.238548 0.0511227 0
0.241594 0.0525876 0
0.244631 0.05407 0
0.247659 0.0555698 0
0.250678 0.0570868 0
0.253688 0.0586208 0
0.256689 0.0601719 0
0.259681 0.0617398 0
0.262663 0.0633245 0
0.265637 0.064926 0
0.2686 0.0665441 0
0.271555 0.0681789 0
0.274499 0.0698303 0
0.277434 0.0714984 0
0.28036 0.073183 0
0.283275 0.0748842 0
0.28618 0.076602 0
0.289076 0.0783365 0
0.291961 0.0800876 0
0.294836 0.0818553 0
0.2977 0.0836398 0
0.300554 0.0854411 0
0.303397 0.0872591 0
0.30623 0.089094 0
0.309052 0.0909457 0
0.311862 0.0928144 0
0.314662 0.0947001 0
0.31745 0.0966029 0
0.320226 0.0985227 0
0.322991 0.10046 0
0.325744 0.102414 0
0.328485 0.104385 0
0.331214 0.106374 0
0.33393 0.10838 0
0.336634 0.110403 0
0.339325 0.112444 0
0.342003 0.114502 0
0.344668 0.116578 0
0.347319 0.118671 0
0.349957 0.120781 0
0.35258 0.122909 0
0.35519 0.125054 0
0.357785 0.127217 0
0.360366 0.129397 0
0.362932 0.131595 0
0.365484 0.13381 0
0.36802 0.136043 0
0.37054 0.138293 0
0.373046 0.14056 0
0.375535 0.142845 0
0.378008 0.145147 0
0.380466 0.147466 0
0.382907 0.149802 0
0.385331 0.152155 0
0.387739 0.154525 0
0.39013 0.156913 0
0.392504 0.159317 0
0.39486 0.161737 0
0.3972 0.164175 0
0.399522 0.166629 0
0.401827 0.169099 0
0.404113 0.171586 0
0.406383 0.174088 0
0.408634 0.176607 0
0.410867 0.179142 0
0.413083 0.181692 0
0.41528 0.184258 0
0.41746 0.186839 0
0.419621 0.189435 0
0.421764 0.192046 0
0.423889 0.194672 0
0.425996 0.197313 0
0.428085 0.199967 0
0.430155 0.202637 0
0.432207 0.20532 0
0.434242 0.208017 0
0.436257 0.210728 0
0.438255 0.213452 0
0.440235 0.216189 0
0.442196 0.218939 0
0.44414 0.221702 0
0.446066 0.224477 0
0.447973 0.227265 0
0.449863 0.230065 0
0.451735 0.232877 0
0.453589 0.235701 0
0.455425 0.238536 0
0.457244 0.241382 0
0.459045 0.244239 0
0.460828 0.247108 0
0.462594 0.249987 0
0.464343 0.252876 0
0.466074 0.255776 0
0.467788 0.258686 0
0.469485 0.261606 0
0.471164 0.264536 0
0.472827 0.267475 0
0.474473 0.270424 0
0.476102 0.273381 0
0.477714 0.276348 0
0.479309 0.279324 0
0.480888 0.282308 0
0.48245 0.285301 0
0.483996 0.288303 0
0.485525 0.291312 0
0.487039 0.29433 0
0.488536 0.297355 0
0.490017 0.300389 0
0.491482 0.30343 0
0.492931 0.306478 0
0.494365 0.309534 0
0.495783 0.312597 0
0.497186 0.315666 0
0.498573 0.318743 0
0.499945 0.321827 0
0.501301 0.324917 0
0.502643 0.328013 0
0.50397 0.331116 0
0.505282 0.334225 0
0.506579 0.337341 0
0.507862 0.340462 0
0.509131 0.343589 0
0.510385 0.346721 0
0.511625 0.34986 0
0.512851 0.353003 0
0.514064 0.356152 0
0.515262 0.359307 0
0.516448 0.362466 0
0.51762 0.36563 0
0.518778 0.368799 0
0.519924 0.371973 0
0.521056 0.375152 0
0.522176 0.378335 0
0.523283 0.381522 0
0.524378 0.384714 0
0.525461 0.38791 0
0.526531 0.39111 0
0.527589 0.394314 0
0.528635 0.397521 0
0.52967 0.400733 0
0.530693 0.403949 0
0.531705 0.407168 0
0.532705 0.41039 0
0.533694 0.413616 0
0.534672 0.416845 0
0.535639 0.420078 0
0.536595 0.423314 0
0.537541 0.426553 0
0.538476 0.429795 0
0.5394 0.433039 0
0.540315 0.436287 0
0.541219 0.439538 0
0.542113 0.442791 0
0.542997 0.446047 0
0.543871 0.449306 0
0.544736 0.452567 0
0.54559 0.45583 0
0.546435 0.459096 0
0.547271 0.462365 0
0.548097 0.465636 0
0.548914 0.468909 0
0.549722 0.472184 0
0.550521 0.475461 0
0.55131 0.478741 0
0.552091 0.482023 0
0.552863 0.485306 0
0.553626 0.488592 0
0.55438 0.49188 0
0.555126 0.495169 0
0.555864 0.49846 0
0.556592 0.501754 0
0.557313 0.505049 0
0.558026 0.508345 0
0.55873 0.511644 0
0.559426 0.514944 0
0.560115 0.518245 0
0.560796 0.521549 0
0.561469 0.524853 0
0.562134 0.52816 0
0.562792 0.531467 0
0.563443 0.534777 0
0.564087 0.538087 0
0.564723 0.541399 0
0.565353 0.544712 0
0.565976 0.548027 0
0.566592 0.551343 0
0.567202 0.55466 0
0.567805 0.557978 0
0.568402 0.561297 0
0.568993 0.564617 0
0.569578 0.567939 0
0.570158 0.571261 0
0.570731 0.574585 0
0.571299 0.577909 0
0.571862 0.581235 0
0.57242 0.584561 0
0.572972 0.587888 0
0.57352 0.591216 0
0.574062 0.594545 0
0.5746 0.597875 0
0.575133 0.601205 0
0.575662 0.604536 0
0.576186 0.607868 0
0.576705 0.6112 0
0.577221 0.614534 0
0.577732 0.617867 0
0.57824 0.621202 0
0.578743 0.624537 0
0.579242 0.627872 0
0.579738 0.631209 0
0.580229 0.634545 0
0.580716 0.637877 0
0.581197 0.641195 0
0.58167 0.644483 0
0.582132 0.647717 0
0.58258 0.65087 0
0.583009 0.653914 0
0.583416 0.65682 0
0.583798 0.659563 0
0.584152 0.662126 0
0.584479 0.664495 0
0.584776 0.666664 0
0.585044 0.668634 0
0.585285 0.67041 0
0.5855 0.672002 0
0.587139 0.68466 0
