0.0000 0.0000 0.0000 0.0000
0.0014 0.0016 -0.0025 0.0028
0.0029 0.0032 -0.0049 0.0057
0.0044 0.0048 -0.0074 0.0087
0.0059 0.0063 -0.0098 0.0119
0.0074 0.0078 -0.0122 0.0152
0.0090 0.0093 -0.0146 0.0186
0.0105 0.0108 -0.0169 0.0221
0.0122 0.0122 -0.0192 0.0258
0.0138 0.0136 -0.0215 0.0296
0.0155 0.0149 -0.0236 0.0335
0.0172 0.0163 -0.0258 0.0376
0.0189 0.0176 -0.0278 0.0418
0.0206 0.0188 -0.0298 0.0461
0.0224 0.0201 -0.0316 0.0506
0.0242 0.0212 -0.0334 0.0552
0.0260 0.0224 -0.0350 0.0600
0.0279 0.0235 -0.0366 0.0649
0.0297 0.0246 -0.0380 0.0699
0.0316 0.0256 -0.0393 0.0750
0.0336 0.0266 -0.0404 0.0802
0.0355 0.0275 -0.0414 0.0856
0.0374 0.0284 -0.0423 0.0911
0.0394 0.0293 -0.0430 0.0967
0.0414 0.0301 -0.0435 0.1024
0.0434 0.0308 -0.0438 0.1082
0.0455 0.0316 -0.0440 0.1141
0.0475 0.0322 -0.0439 0.1200
0.0496 0.0328 -0.0438 0.1260
0.0517 0.0334 -0.0434 0.1321
0.0537 0.0339 -0.0429 0.1382
0.0558 0.0344 -0.0422 0.1443
0.0580 0.0348 -0.0412 0.1505
0.0601 0.0352 -0.0401 0.1567
0.0622 0.0356 -0.0388 0.1629
0.0643 0.0359 -0.0374 0.1691
0.0665 0.0361 -0.0357 0.1753
0.0686 0.0363 -0.0338 0.1815
0.0708 0.0364 -0.0318 0.1877
0.0729 0.0365 -0.0296 0.1939
0.0751 0.0366 -0.0272 0.2000
0.0772 0.0366 -0.0247 0.2060
0.0794 0.0366 -0.0220 0.2120
0.0815 0.0365 -0.0191 0.2179
0.0837 0.0364 -0.0162 0.2238
0.0858 0.0362 -0.0130 0.2296
0.0880 0.0360 -0.0098 0.2353
0.0901 0.0358 -0.0064 0.2408
0.0922 0.0355 -0.0029 0.2463
0.0944 0.0352 0.0006 0.2517
0.0965 0.0348 0.0043 0.2570
0.0986 0.0344 0.0079 0.2621
0.1007 0.0340 0.0116 0.2671
0.1028 0.0335 0.0154 0.2720
0.1049 0.0330 0.0191 0.2768
0.1070 0.0325 0.0230 0.2814
0.1091 0.0320 0.0268 0.2859
0.1112 0.0314 0.0307 0.2903
0.1132 0.0308 0.0345 0.2946
0.1153 0.0302 0.0384 0.2988
0.1174 0.0295 0.0422 0.3028
0.1194 0.0288 0.0460 0.3067
0.1214 0.0281 0.0498 0.3105
0.1235 0.0274 0.0536 0.3141
0.1255 0.0267 0.0573 0.3177
0.1275 0.0259 0.0610 0.3211
0.1295 0.0252 0.0647 0.3244
0.1315 0.0244 0.0682 0.3276
0.1335 0.0236 0.0718 0.3307
0.1355 0.0228 0.0752 0.3337
0.1375 0.0220 0.0787 0.3366
0.1395 0.0211 0.0820 0.3394
0.1415 0.0203 0.0853 0.3420
0.1435 0.0194 0.0885 0.3446
0.1455 0.0186 0.0916 0.3471
0.1474 0.0177 0.0947 0.3495
0.1494 0.0169 0.0977 0.3518
0.1514 0.0160 0.1006 0.3540
0.1533 0.0151 0.1035 0.3562
0.1553 0.0142 0.1063 0.3582
0.1573 0.0134 0.1090 0.3602
0.1593 0.0125 0.1117 0.3621
0.1612 0.0116 0.1143 0.3639
0.1632 0.0108 0.1168 0.3657
0.1652 0.0099 0.1193 0.3674
0.1671 0.0090 0.1218 0.3690
0.1691 0.0082 0.1242 0.3705
0.1711 0.0073 0.1265 0.3720
0.1731 0.0064 0.1289 0.3735
0.1750 0.0056 0.1311 0.3748
0.1770 0.0047 0.1334 0.3761
0.1790 0.0039 0.1356 0.3774
0.1810 0.0031 0.1378 0.3786
0.1830 0.0023 0.1399 0.3798
0.1850 0.0014 0.1421 0.3809
0.1870 0.0006 0.1442 0.3819
0.1890 -0.0002 0.1463 0.3829
0.1910 -0.0010 0.1484 0.3839
0.1930 -0.0017 0.1505 0.3848
0.1950 -0.0025 0.1526 0.3857
0.1970 -0.0033 0.1547 0.3865
0.1990 -0.0040 0.1568 0.3874
0.2011 -0.0048 0.1589 0.3881
0.2031 -0.0055 0.1610 0.3889
0.2051 -0.0062 0.1631 0.3896
0.2071 -0.0069 0.1652 0.3902
0.2092 -0.0076 0.1674 0.3909
0.2112 -0.0083 0.1696 0.3915
0.2133 -0.0090 0.1717 0.3921
0.2153 -0.0096 0.1740 0.3926
0.2174 -0.0103 0.1762 0.3932
0.2194 -0.0109 0.1785 0.3937
0.2215 -0.0115 0.1808 0.3942
0.2236 -0.0122 0.1831 0.3946
0.2256 -0.0128 0.1854 0.3951
0.2277 -0.0134 0.1878 0.3955
0.2298 -0.0139 0.1902 0.3959
0.2318 -0.0145 0.1927 0.3963
0.2339 -0.0151 0.1951 0.3966
0.2360 -0.0156 0.1976 0.3970
0.2381 -0.0162 0.2002 0.3973
0.2402 -0.0167 0.2028 0.3977
0.2423 -0.0172 0.2054 0.3980
0.2444 -0.0177 0.2080 0.3982
0.2465 -0.0182 0.2105 0.3985
0.2486 -0.0187 0.2131 0.3987
0.2507 -0.0191 0.2158 0.3990
0.2528 -0.0196 0.2184 0.3992
0.2549 -0.0200 0.2211 0.3994
0.2570 -0.0205 0.2238 0.3996
0.2591 -0.0209 0.2266 0.3998
0.2612 -0.0213 0.2294 0.4000
0.2633 -0.0217 0.2322 0.4002
0.2654 -0.0221 0.2350 0.4003
0.2676 -0.0225 0.2379 0.4005
0.2697 -0.0229 0.2408 0.4006
0.2718 -0.0233 0.2437 0.4008
0.2739 -0.0236 0.2467 0.4009
0.2761 -0.0240 0.2497 0.4010
0.2782 -0.0243 0.2527 0.4011
0.2803 -0.0246 0.2557 0.4012
0.2824 -0.0249 0.2588 0.4013
0.2846 -0.0253 0.2619 0.4014
0.2867 -0.0256 0.2650 0.4015
0.2888 -0.0258 0.2681 0.4016
0.2910 -0.0261 0.2712 0.4017
0.2931 -0.0264 0.2744 0.4017
0.2953 -0.0267 0.2776 0.4018
0.2974 -0.0269 0.2808 0.4018
0.2995 -0.0272 0.2840 0.4019
0.3017 -0.0274 0.2872 0.4019
0.3038 -0.0276 0.2905 0.4019
0.3060 -0.0279 0.2938 0.4020
0.3081 -0.0281 0.2970 0.4020
0.3102 -0.0283 0.3003 0.4020
0.3124 -0.0285 0.3036 0.4020
0.3145 -0.0287 0.3069 0.4020
0.3167 -0.0289 0.3103 0.4020
0.3188 -0.0291 0.3136 0.4020
0.3210 -0.0293 0.3170 0.4020
0.3231 -0.0294 0.3204 0.4020
0.3253 -0.0296 0.3237 0.4020
0.3274 -0.0297 0.3271 0.4019
0.3296 -0.0299 0.3305 0.4019
0.3317 -0.0300 0.3339 0.4019
0.3339 -0.0302 0.3373 0.4018
0.3360 -0.0303 0.3407 0.4018
0.3382 -0.0304 0.3441 0.4017
0.3403 -0.0305 0.3475 0.4017
0.3425 -0.0307 0.3510 0.4016
0.3446 -0.0308 0.3544 0.4016
0.3468 -0.0309 0.3578 0.4015
0.3489 -0.0310 0.3612 0.4014
0.3511 -0.0311 0.3647 0.4013
0.3532 -0.0311 0.3681 0.4013
0.3554 -0.0312 0.3715 0.4012
0.3575 -0.0313 0.3750 0.4011
0.3597 -0.0314 0.3784 0.4010
0.3618 -0.0314 0.3819 0.4009
0.3640 -0.0315 0.3853 0.4008
0.3661 -0.0316 0.3888 0.4007
0.3683 -0.0316 0.3922 0.4006
0.3704 -0.0317 0.3956 0.4005
0.3726 -0.0317 0.3991 0.4004
0.3748 -0.0317 0.4025 0.4002
0.3769 -0.0317 0.4060 0.4001
0.3791 -0.0318 0.4094 0.4000
0.3812 -0.0318 0.4128 0.3999
0.3834 -0.0318 0.4163 0.3997
0.3855 -0.0318 0.4197 0.3996
0.3877 -0.0318 0.4231 0.3995
0.3898 -0.0318 0.4265 0.3993
0.3920 -0.0318 0.4300 0.3992
0.3941 -0.0318 0.4334 0.3991
0.3963 -0.0318 0.4368 0.3989
0.3985 -0.0318 0.4402 0.3988
0.4006 -0.0318 0.4436 0.3986
0.4028 -0.0317 0.4470 0.3984
0.4049 -0.0317 0.4504 0.3983
0.4071 -0.0317 0.4538 0.3981
0.4092 -0.0316 0.4572 0.3980
0.4114 -0.0316 0.4606 0.3978
0.4135 -0.0315 0.4640 0.3976
0.4157 -0.0315 0.4673 0.3974
0.4178 -0.0314 0.4707 0.3973
0.4200 -0.0314 0.4741 0.3971
0.4221 -0.0313 0.4774 0.3969
0.4243 -0.0312 0.4808 0.3967
0.4264 -0.0311 0.4841 0.3965
0.4286 -0.0311 0.4874 0.3964
0.4307 -0.0310 0.4908 0.3962
0.4329 -0.0309 0.4941 0.3960
0.4351 -0.0308 0.4974 0.3958
0.4372 -0.0307 0.5007 0.3956
0.4394 -0.0306 0.5040 0.3954
0.4415 -0.0305 0.5073 0.3952
0.4437 -0.0304 0.5106 0.3950
0.4458 -0.0303 0.5139 0.3948
0.4480 -0.0301 0.5172 0.3946
0.4501 -0.0300 0.5204 0.3944
0.4523 -0.0299 0.5237 0.3942
0.4544 -0.0298 0.5269 0.3939
0.4566 -0.0296 0.5301 0.3937
0.4587 -0.0295 0.5334 0.3935
0.4609 -0.0293 0.5366 0.3933
0.4630 -0.0292 0.5398 0.3931
0.4652 -0.0290 0.5430 0.3929
0.4673 -0.0289 0.5461 0.3926
0.4695 -0.0287 0.5493 0.3924
0.4716 -0.0285 0.5525 0.3922
0.4737 -0.0283 0.5556 0.3920
0.4759 -0.0282 0.5587 0.3917
0.4780 -0.0280 0.5619 0.3915
0.4802 -0.0278 0.5650 0.3913
0.4823 -0.0276 0.5680 0.3910
0.4845 -0.0274 0.5711 0.3908
0.4866 -0.0272 0.5741 0.3906
0.4888 -0.0270 0.5772 0.3903
0.4909 -0.0267 0.5802 0.3901
0.4930 -0.0265 0.5832 0.3899
0.4952 -0.0263 0.5862 0.3896
0.4973 -0.0260 0.5892 0.3894
0.4995 -0.0258 0.5921 0.3891
0.5016 -0.0255 0.5950 0.3889
0.5037 -0.0253 0.5979 0.3887
0.5059 -0.0250 0.6008 0.3884
0.5080 -0.0248 0.6037 0.3882
0.5102 -0.0245 0.6065 0.3879
0.5123 -0.0242 0.6093 0.3877
0.5144 -0.0239 0.6121 0.3875
0.5166 -0.0236 0.6149 0.3872
0.5187 -0.0233 0.6176 0.3870
0.5208 -0.0230 0.6203 0.3867
0.5230 -0.0227 0.6230 0.3865
0.5251 -0.0224 0.6257 0.3862
0.5272 -0.0221 0.6283 0.3860
0.5293 -0.0218 0.6309 0.3857
0.5315 -0.0214 0.6334 0.3855
0.5336 -0.0211 0.6360 0.3853
0.5357 -0.0207 0.6385 0.3850
0.5378 -0.0204 0.6409 0.3848
0.5400 -0.0200 0.6433 0.3845
0.5421 -0.0196 0.6457 0.3843
0.5442 -0.0192 0.6481 0.3841
0.5463 -0.0189 0.6504 0.3838
0.5484 -0.0184 0.6527 0.3836
0.5506 -0.0180 0.6549 0.3834
0.5527 -0.0176 0.6571 0.3831
0.5548 -0.0172 0.6592 0.3829
0.5569 -0.0167 0.6613 0.3827
0.5590 -0.0163 0.6634 0.3825
0.5611 -0.0158 0.6654 0.3822
0.5632 -0.0154 0.6674 0.3820
0.5653 -0.0149 0.6693 0.3817
0.5674 -0.0144 0.6712 0.3815
0.5695 -0.0139 0.6730 0.3813
0.5716 -0.0134 0.6748 0.3810
0.5737 -0.0129 0.6765 0.3808
0.5758 -0.0124 0.6782 0.3806
0.5779 -0.0119 0.6798 0.3803
0.5800 -0.0114 0.6814 0.3801
0.5820 -0.0108 0.6829 0.3798
0.5841 -0.0102 0.6843 0.3795
0.5862 -0.0097 0.6858 0.3793
0.5883 -0.0091 0.6871 0.3790
0.5904 -0.0085 0.6885 0.3787
0.5924 -0.0079 0.6897 0.3784
0.5945 -0.0073 0.6909 0.3782
0.5965 -0.0067 0.6921 0.3778
0.5986 -0.0060 0.6932 0.3775
0.6007 -0.0054 0.6943 0.3772
0.6027 -0.0047 0.6953 0.3769
0.6048 -0.0041 0.6963 0.3765
0.6068 -0.0034 0.6972 0.3762
0.6089 -0.0027 0.6980 0.3758
0.6109 -0.0020 0.6989 0.3754
0.6129 -0.0013 0.6996 0.3749
0.6150 -0.0006 0.7004 0.3745
0.6170 0.0001 0.7011 0.3740
0.6190 0.0009 0.7018 0.3736
0.6210 0.0016 0.7024 0.3730
0.6230 0.0024 0.7030 0.3725
0.6251 0.0032 0.7036 0.3719
0.6271 0.0039 0.7042 0.3713
0.6291 0.0047 0.7047 0.3707
0.6311 0.0055 0.7052 0.3700
0.6331 0.0063 0.7057 0.3693
0.6351 0.0071 0.7062 0.3686
0.6371 0.0080 0.7066 0.3678
0.6390 0.0088 0.7071 0.3670
0.6410 0.0096 0.7076 0.3662
0.6430 0.0105 0.7081 0.3653
0.6450 0.0113 0.7085 0.3643
0.6470 0.0122 0.7090 0.3633
0.6489 0.0131 0.7095 0.3623
0.6509 0.0139 0.7100 0.3612
0.6529 0.0148 0.7106 0.3601
0.6548 0.0157 0.7112 0.3589
0.6568 0.0165 0.7118 0.3577
0.6588 0.0174 0.7124 0.3564
0.6607 0.0183 0.7131 0.3551
0.6627 0.0192 0.7138 0.3537
0.6646 0.0201 0.7146 0.3523
0.6666 0.0210 0.7154 0.3508
0.6686 0.0219 0.7163 0.3493
0.6705 0.0228 0.7172 0.3477
0.6725 0.0236 0.7182 0.3460
0.6745 0.0245 0.7193 0.3443
0.6764 0.0254 0.7204 0.3426
0.6784 0.0263 0.7216 0.3408
0.6804 0.0271 0.7229 0.3389
0.6823 0.0280 0.7242 0.3370
0.6843 0.0289 0.7256 0.3350
0.6863 0.0297 0.7271 0.3330
0.6883 0.0305 0.7287 0.3309
0.6903 0.0314 0.7303 0.3288
0.6923 0.0322 0.7320 0.3266
0.6943 0.0330 0.7337 0.3243
0.6963 0.0338 0.7356 0.3220
0.6983 0.0345 0.7374 0.3197
0.7003 0.0353 0.7394 0.3173
0.7023 0.0360 0.7414 0.3148
0.7044 0.0367 0.7435 0.3123
0.7064 0.0374 0.7456 0.3098
0.7085 0.0381 0.7478 0.3072
0.7105 0.0388 0.7500 0.3045
0.7126 0.0394 0.7522 0.3018
0.7146 0.0400 0.7545 0.2991
0.7167 0.0406 0.7568 0.2963
0.7188 0.0411 0.7592 0.2935
0.7209 0.0417 0.7615 0.2906
0.7230 0.0422 0.7639 0.2877
0.7251 0.0426 0.7663 0.2848
0.7272 0.0431 0.7687 0.2818
0.7293 0.0435 0.7711 0.2788
0.7314 0.0439 0.7734 0.2758
0.7335 0.0442 0.7758 0.2728
0.7357 0.0445 0.7782 0.2697
0.7378 0.0448 0.7805 0.2666
0.7399 0.0451 0.7828 0.2635
0.7421 0.0453 0.7850 0.2604
0.7442 0.0455 0.7872 0.2572
0.7464 0.0456 0.7894 0.2541
0.7485 0.0457 0.7915 0.2509
0.7507 0.0458 0.7936 0.2478
0.7528 0.0459 0.7957 0.2446
0.7550 0.0459 0.7976 0.2415
0.7571 0.0459 0.7996 0.2383
0.7593 0.0458 0.8014 0.2352
0.7614 0.0457 0.8032 0.2321
0.7636 0.0456 0.8050 0.2290
0.7657 0.0454 0.8066 0.2259
0.7679 0.0453 0.8083 0.2229
0.7700 0.0450 0.8098 0.2198
0.7722 0.0448 0.8113 0.2168
0.7743 0.0445 0.8127 0.2138
0.7764 0.0442 0.8141 0.2109
0.7786 0.0439 0.8154 0.2079
0.7807 0.0435 0.8167 0.2050
0.7828 0.0431 0.8178 0.2022
0.7849 0.0427 0.8190 0.1993
0.7870 0.0423 0.8201 0.1965
0.7891 0.0418 0.8211 0.1938
0.7912 0.0414 0.8221 0.1910
0.7933 0.0409 0.8230 0.1883
0.7954 0.0403 0.8239 0.1857
0.7975 0.0398 0.8248 0.1830
0.7996 0.0393 0.8257 0.1804
0.8017 0.0387 0.8265 0.1778
0.8038 0.0381 0.8272 0.1753
0.8058 0.0375 0.8280 0.1728
0.8079 0.0369 0.8287 0.1703
0.8100 0.0363 0.8295 0.1678
0.8120 0.0357 0.8302 0.1654
0.8141 0.0350 0.8309 0.1630
0.8161 0.0344 0.8315 0.1607
0.8182 0.0337 0.8322 0.1583
0.8202 0.0331 0.8329 0.1560
0.8223 0.0324 0.8336 0.1537
0.8243 0.0318 0.8343 0.1514
0.8264 0.0311 0.8350 0.1492
0.8284 0.0304 0.8357 0.1469
0.8305 0.0298 0.8365 0.1447
0.8325 0.0291 0.8373 0.1425
0.8346 0.0285 0.8381 0.1404
0.8366 0.0278 0.8389 0.1382
0.8387 0.0271 0.8397 0.1361
0.8407 0.0265 0.8406 0.1340
0.8428 0.0258 0.8415 0.1319
0.8449 0.0252 0.8424 0.1299
0.8469 0.0246 0.8434 0.1278
0.8490 0.0239 0.8444 0.1258
0.8510 0.0233 0.8455 0.1238
0.8531 0.0227 0.8466 0.1218
0.8552 0.0221 0.8477 0.1199
0.8572 0.0215 0.8489 0.1179
0.8593 0.0210 0.8501 0.1160
0.8614 0.0204 0.8513 0.1141
0.8635 0.0198 0.8526 0.1123
0.8656 0.0193 0.8540 0.1104
0.8676 0.0187 0.8554 0.1086
0.8697 0.0182 0.8568 0.1068
0.8718 0.0177 0.8583 0.1051
0.8739 0.0172 0.8598 0.1033
0.8760 0.0167 0.8614 0.1016
0.8781 0.0162 0.8630 0.0999
0.8802 0.0157 0.8646 0.0982
0.8823 0.0152 0.8663 0.0966
0.8844 0.0148 0.8680 0.0950
0.8865 0.0143 0.8698 0.0934
0.8886 0.0139 0.8716 0.0918
0.8907 0.0135 0.8734 0.0903
0.8929 0.0131 0.8753 0.0888
0.8950 0.0127 0.8772 0.0873
0.8971 0.0123 0.8791 0.0858
0.8992 0.0119 0.8811 0.0844
0.9013 0.0115 0.8831 0.0830
0.9035 0.0112 0.8851 0.0816
0.9056 0.0108 0.8872 0.0802
0.9077 0.0105 0.8893 0.0789
0.9098 0.0101 0.8914 0.0776
0.9120 0.0098 0.8936 0.0763
0.9141 0.0095 0.8957 0.0750
0.9162 0.0092 0.8979 0.0738
0.9184 0.0089 0.9002 0.0725
0.9205 0.0086 0.9024 0.0714
0.9226 0.0084 0.9047 0.0702
0.9248 0.0081 0.9069 0.0690
0.9269 0.0078 0.9092 0.0679
0.9291 0.0076 0.9116 0.0667
0.9312 0.0073 0.9139 0.0656
0.9333 0.0071 0.9162 0.0645
0.9355 0.0069 0.9186 0.0635
0.9376 0.0066 0.9210 0.0624
0.9398 0.0064 0.9234 0.0614
0.9419 0.0062 0.9258 0.0604
0.9441 0.0060 0.9282 0.0594
0.9462 0.0058 0.9306 0.0584
0.9484 0.0056 0.9331 0.0574
0.9505 0.0054 0.9355 0.0565
0.9526 0.0052 0.9380 0.0556
0.9548 0.0050 0.9405 0.0546
0.9569 0.0048 0.9429 0.0537
0.9591 0.0047 0.9454 0.0528
0.9612 0.0045 0.9479 0.0519
0.9634 0.0043 0.9504 0.0510
0.9655 0.0042 0.9529 0.0502
0.9677 0.0040 0.9554 0.0493
0.9698 0.0038 0.9579 0.0485
0.9720 0.0037 0.9604 0.0477
0.9741 0.0035 0.9630 0.0468
0.9763 0.0034 0.9655 0.0460
0.9784 0.0033 0.9680 0.0452
0.9806 0.0031 0.9706 0.0445
0.9827 0.0030 0.9731 0.0437
0.9849 0.0028 0.9757 0.0429
0.9870 0.0027 0.9782 0.0421
0.9892 0.0026 0.9808 0.0414
0.9913 0.0024 0.9833 0.0406
0.9935 0.0023 0.9859 0.0399
0.9956 0.0022 0.9885 0.0392
0.9978 0.0021 0.9911 0.0384
0.9999 0.0020 0.9936 0.0377
1.0021 0.0018 0.9962 0.0370
1.0042 0.0017 0.9988 0.0363
1.0064 0.0016 1.0014 0.0356
1.0085 0.0015 1.0040 0.0349
1.0107 0.0014 1.0065 0.0342
1.0128 0.0013 1.0091 0.0335
1.0150 0.0011 1.0117 0.0328
1.0171 0.0010 1.0143 0.0321
1.0193 0.0009 1.0169 0.0315
1.0214 0.0008 1.0195 0.0308
1.0236 0.0007 1.0221 0.0302
1.0257 0.0006 1.0247 0.0295
1.0279 0.0005 1.0274 0.0289
1.0300 0.0004 1.0300 0.0282
1.0322 0.0003 1.0326 0.0275
1.0343 0.0002 1.0352 0.0269
1.0365 0.0001 1.0378 0.0263
1.0386 0.0000 1.0386 0.0000
