0 0 0 0
0.00215398 -2.08515e-07 0.000438164 0.00369119
0.00430781 -1.87814e-05 0.000965523 0.00747084
0.006461 -7.40381e-05 0.00158904 0.0113198
0.0086129 -0.000166847 0.00231427 0.0152354
0.0107628 -0.000297849 0.00314944 0.019216
0.01291 -0.000467931 0.00409866 0.0232574
0.0150536 -0.000677636 0.00517268 0.0273581
0.0171929 -0.000927927 0.00637251 0.0315119
0.019327 -0.00121919 0.00771185 0.0357174
0.0214549 -0.00155236 0.00918111 0.0399646
0.023576 -0.00192726 0.0108101 0.0442567
0.0256888 -0.00234523 0.0125964 0.0485841
0.0277928 -0.00280675 0.0145154 0.0529338
0.0298867 -0.00331135 0.0166046 0.0573084
0.0319696 -0.00385961 0.0188706 0.0617013
0.0340403 -0.00445205 0.0213197 0.0661053
0.0360976 -0.00508946 0.0239582 0.0705117
0.0381403 -0.00577236 0.0267266 0.0749024
0.0401682 -0.0064991 0.0296768 0.0792817
0.0421787 -0.00727071 0.0328143 0.0836364
0.0441729 -0.00808583 0.0361402 0.0879666
0.0461474 -0.00894588 0.0396571 0.0922542
0.0481018 -0.00985037 0.0433653 0.0964939
0.0500357 -0.0107986 0.0472655 0.100679
0.0519473 -0.0117913 0.0513568 0.104798
0.0538357 -0.0128272 0.0556383 0.108842
0.0556987 -0.0139072 0.0601062 0.112799
0.0575366 -0.0150302 0.0646818 0.116667
0.0593487 -0.0161944 0.0694187 0.12044
0.0611341 -0.0173992 0.0743198 0.124108
0.0628921 -0.0186439 0.0793798 0.127666
0.0646211 -0.0199291 0.0845915 0.131103
0.0663211 -0.0212518 0.0899488 0.134416
0.0679911 -0.0226118 0.0954438 0.137598
0.0696299 -0.0240094 0.101067 0.140642
0.0712377 -0.0254429 0.106811 0.143545
0.0728135 -0.0269112 0.112666 0.146302
0.0743578 -0.0284126 0.118625 0.148913
0.075868 -0.0299475 0.124672 0.151367
0.0773477 -0.0315144 0.130811 0.153674
0.0787913 -0.0331107 0.137007 0.155817
0.0802039 -0.0347369 0.143276 0.15781
0.0815831 -0.0363923 0.149596 0.159646
0.0829275 -0.038074 0.155945 0.161323
0.0842393 -0.0397822 0.162329 0.162846
0.0855185 -0.0415154 0.168734 0.164218
0.086765 -0.0432721 0.175149 0.165441
0.0879785 -0.0450504 0.181553 0.166515
0.0891597 -0.0468507 0.187946 0.167445
0.0903096 -0.0486719 0.194321 0.168237
0.0914289 -0.0505133 0.200567 0.168944
0.0925185 -0.0523721 0.206762 0.16953
0.0935791 -0.0542461 0.212898 0.169999
0.094612 -0.0561356 0.218973 0.170359
0.0956171 -0.0580405 0.224978 0.170613
0.0965958 -0.0599595 0.230908 0.170767
0.0975494 -0.0618919 0.236759 0.170829
0.0984779 -0.0638348 0.242513 0.170805
0.0993842 -0.0657911 0.248192 0.170698
0.100265 -0.0677545 0.253736 0.170522
0.101127 -0.0697303 0.259207 0.170275
0.101968 -0.0717137 0.264557 0.169967
0.102789 -0.0737046 0.269792 0.169605
0.103592 -0.0757036 0.274928 0.16919
0.104379 -0.0777084 0.279946 0.16873
0.105149 -0.0797182 0.284834 0.168235
0.105905 -0.0817349 0.289613 0.167701
0.106647 -0.0837573 0.294275 0.167134
0.107375 -0.0857847 0.298812 0.166542
0.108093 -0.0878154 0.303224 0.165928
0.108801 -0.0898507 0.307525 0.165292
0.109499 -0.0918895 0.311703 0.164639
0.110189 -0.093931 0.315766 0.163972
0.110872 -0.095974 0.319713 0.163294
0.11155 -0.0980177 0.32354 0.162609
0.112223 -0.100064 0.327267 0.161911
0.112891 -0.10211 0.330866 0.161213
0.113557 -0.104161 0.334391 0.160496
0.114219 -0.106208 0.337761 0.159793
0.114881 -0.10826 0.341076 0.159065
0.115543 -0.110308 0.344257 0.158349
0.116206 -0.112358 0.347363 0.15762
0.11687 -0.114408 0.350384 0.156881
0.117536 -0.116455 0.353296 0.156146
0.118204 -0.118503 0.356135 0.1554
0.118877 -0.120549 0.358898 0.154645
0.119554 -0.122594 0.361576 0.153883
0.120236 -0.124636 0.364179 0.153113
0.120924 -0.126678 0.366721 0.152329
0.121618 -0.128718 0.3692 0.151532
0.122318 -0.130754 0.37161 0.150725
0.123026 -0.132788 0.37396 0.149904
0.123741 -0.13482 0.376261 0.149065
0.124462 -0.13685 0.378511 0.148207
0.125193 -0.138877 0.380716 0.147329
0.125933 -0.140898 0.382868 0.146436
0.126682 -0.14292 0.385007 0.145505
0.127442 -0.144933 0.387073 0.144576
0.12821 -0.146948 0.389149 0.143597
0.12899 -0.148953 0.391154 0.142617
0.129777 -0.150959 0.39316 0.14159
0.130575 -0.15296 0.395141 0.140538
0.131385 -0.154954 0.397085 0.139466
0.132204 -0.156947 0.399032 0.138353
0.133034 -0.158935 0.400958 0.137212
0.133876 -0.160917 0.402863 0.136042
0.134728 -0.162895 0.404771 0.134832
0.13559 -0.164869 0.406673 0.133589
0.136465 -0.166837 0.408563 0.132315
0.13735 -0.168801 0.410454 0.131003
0.138246 -0.17076 0.412345 0.129656
0.139152 -0.172715 0.414235 0.128275
0.14007 -0.174663 0.416124 0.126857
0.140997 -0.176607 0.418022 0.125398
0.141936 -0.178545 0.41992 0.123909
0.142883 -0.180481 0.421838 0.122374
0.143845 -0.182406 0.423743 0.120817
0.144812 -0.184331 0.425678 0.119204
0.145797 -0.186245 0.427604 0.117576
0.146788 -0.188157 0.429559 0.115896
0.147792 -0.190063 0.431519 0.114186
0.148803 -0.191963 0.433483 0.112438
0.149824 -0.19386 0.435422 0.110695
0.150856 -0.19575 0.437321 0.108965
0.1519 -0.197634 0.439238 0.107202
0.152953 -0.199514 0.441171 0.105404
0.154015 -0.201388 0.443109 0.103575
0.155086 -0.203255 0.445058 0.101715
0.156167 -0.205119 0.447029 0.0998213
0.157257 -0.206978 0.449012 0.097897
0.158356 -0.20883 0.450999 0.0959463
0.159465 -0.210677 0.453006 0.0939646
0.160581 -0.21252 0.455025 0.0919522
0.161707 -0.214357 0.457057 0.0899134
0.162841 -0.216187 0.459092 0.08785
0.163988 -0.218012 0.461155 0.0857599
0.165138 -0.219834 0.463225 0.0836407
0.166302 -0.221648 0.46531 0.0815003
0.167468 -0.223459 0.467396 0.0793327
0.168646 -0.225262 0.469496 0.077145
0.16983 -0.227063 0.47161 0.0749315
0.171021 -0.22886 0.473737 0.0726937
0.17222 -0.230648 0.475864 0.07044
0.173425 -0.232433 0.478001 0.0681638
0.174639 -0.234214 0.480159 0.0658643
0.175862 -0.235986 0.482318 0.0635517
0.177091 -0.237756 0.484488 0.0612173
0.178324 -0.239522 0.486663 0.0588641
0.179564 -0.241281 0.488834 0.0564994
0.180811 -0.243036 0.49102 0.054115
0.182064 -0.244789 0.493225 0.0517073
0.183325 -0.246536 0.495428 0.0492905
0.184592 -0.248277 0.497633 0.0468604
0.185862 -0.250015 0.49983 0.0444204
0.187142 -0.251748 0.50206 0.0419535
0.188423 -0.253478 0.50426 0.0394926
0.189716 -0.255201 0.506495 0.0370032
0.191009 -0.256924 0.508715 0.0345103
0.192313 -0.258639 0.51096 0.0319971
0.193618 -0.260351 0.51318 0.0294866
0.194929 -0.262059 0.515407 0.0269633
0.196249 -0.263762 0.517649 0.0244281
0.197571 -0.265464 0.519895 0.0218779
0.198899 -0.267161 0.522142 0.0193198
0.20023 -0.268852 0.524369 0.0167661
0.201566 -0.270542 0.526606 0.0141964
0.202906 -0.272229 0.528844 0.0116187
0.20425 -0.273911 0.531081 0.00903658
0.205599 -0.275591 0.533319 0.00644606
0.206954 -0.277266 0.535559 0.00384758
0.208314 -0.278936 0.537789 0.00125567
0.209679 -0.280604 0.540039 -0.00135834
0.211045 -0.28227 0.542271 -0.00396831
0.212418 -0.28393 0.544509 -0.00658814
0.213791 -0.285587 0.546708 -0.00918443
0.215173 -0.287241 0.548961 -0.0118246
0.216554 -0.288895 0.551176 -0.0144449
0.217943 -0.290542 0.553412 -0.0170817
0.219332 -0.292188 0.555626 -0.0197108
0.220724 -0.29383 0.557842 -0.0223467
0.222125 -0.295467 0.560065 -0.0249871
0.223528 -0.2971 0.562261 -0.0276123
0.224939 -0.298728 0.564477 -0.0302518
0.226352 -0.300355 0.566694 -0.0328963
0.227768 -0.30198 0.568905 -0.0355442
0.229191 -0.303597 0.571105 -0.0381793
0.230613 -0.305214 0.573292 -0.0408138
0.232038 -0.30683 0.575488 -0.043464
0.233469 -0.308441 0.577681 -0.0461081
0.234903 -0.310049 0.579871 -0.048755
0.236338 -0.311655 0.582044 -0.0513971
0.237777 -0.313258 0.584211 -0.054035
0.23922 -0.314856 0.586382 -0.0566787
0.240664 -0.316454 0.588538 -0.0593143
0.242114 -0.318048 0.590724 -0.0619784
0.243566 -0.319638 0.59285 -0.0645921
0.245026 -0.321224 0.595025 -0.0672461
0.246487 -0.322808 0.597176 -0.0698833
0.247952 -0.32439 0.599331 -0.0725304
0.24942 -0.325966 0.601462 -0.0751555
0.250886 -0.327541 0.603575 -0.0777773
0.25236 -0.329113 0.60571 -0.0804151
0.253836 -0.330682 0.607834 -0.0830447
0.255314 -0.332247 0.609944 -0.0856661
0.256799 -0.33381 0.61207 -0.0882972
0.258285 -0.335369 0.614177 -0.0909198
0.25977 -0.336928 0.616268 -0.0935367
0.261262 -0.33848 0.618348 -0.0961384
0.262754 -0.340031 0.62043 -0.0987501
0.26425 -0.341581 0.622518 -0.101371
0.265752 -0.343126 0.624601 -0.103978
0.267255 -0.344668 0.626666 -0.106579
0.268759 -0.346207 0.628707 -0.109162
0.270272 -0.34774 0.630775 -0.111764
0.271788 -0.349272 0.632814 -0.114338
0.273308 -0.3508 0.634883 -0.116948
0.274828 -0.352324 0.636899 -0.119508
0.276355 -0.353845 0.638933 -0.122082
0.277883 -0.355363 0.64095 -0.124648
0.279412 -0.35688 0.64296 -0.127212
0.280949 -0.35839 0.64498 -0.129777
0.282488 -0.359898 0.646968 -0.132315
0.284028 -0.361404 0.648959 -0.134862
0.28557 -0.362909 0.650949 -0.137414
0.287116 -0.364408 0.652916 -0.139942
0.288667 -0.365903 0.654872 -0.14246
0.290221 -0.367394 0.656822 -0.144972
0.291776 -0.368882 0.658757 -0.147475
0.293334 -0.370369 0.660694 -0.149981
0.2949 -0.371849 0.662621 -0.15247
0.296467 -0.373328 0.664546 -0.154961
0.298035 -0.374806 0.666456 -0.157444
0.29961 -0.376274 0.668356 -0.159911
0.301188 -0.377739 0.670217 -0.162341
0.30277 -0.3792 0.672099 -0.164793
0.30436 -0.380656 0.673958 -0.167213
0.305952 -0.382109 0.675832 -0.169653
0.307544 -0.383559 0.677664 -0.172055
0.309142 -0.385004 0.679483 -0.174441
0.310743 -0.386445 0.681301 -0.176827
0.312345 -0.387884 0.683093 -0.179191
0.313954 -0.389317 0.684893 -0.18156
0.315568 -0.390744 0.686664 -0.183894
0.317184 -0.392168 0.688412 -0.186206
0.318804 -0.393588 0.690168 -0.188529
0.320424 -0.395005 0.691892 -0.190824
0.322052 -0.396416 0.693596 -0.193091
0.323686 -0.39782 0.695302 -0.195353
0.325323 -0.39922 0.696979 -0.197589
0.32696 -0.400618 0.69864 -0.199812
0.328607 -0.402007 0.700288 -0.202014
0.330254 -0.403394 0.701915 -0.204196
0.331903 -0.404777 0.703509 -0.20635
0.333557 -0.406154 0.7051 -0.208495
0.33522 -0.407523 0.706662 -0.210599
0.336886 -0.408887 0.708219 -0.212696
0.338556 -0.410247 0.709749 -0.214768
0.340234 -0.411601 0.711277 -0.216828
0.341913 -0.412949 0.712753 -0.218843
0.343596 -0.41429 0.714189 -0.220809
0.345287 -0.415623 0.715631 -0.222776
0.346983 -0.416951 0.717044 -0.224709
0.348681 -0.418276 0.718432 -0.22662
0.350387 -0.419592 0.719808 -0.228511
0.352103 -0.420898 0.721151 -0.230351
0.35382 -0.422199 0.722461 -0.232161
0.355543 -0.423494 0.723755 -0.233955
0.357269 -0.424782 0.725009 -0.235706
0.359003 -0.426062 0.726244 -0.237428
0.360745 -0.427332 0.72745 -0.239116
0.362487 -0.428599 0.728614 -0.240765
0.364233 -0.42986 0.729746 -0.242387
0.365986 -0.431111 0.73086 -0.243981
0.367743 -0.432358 0.731926 -0.245532
0.369505 -0.433595 0.73296 -0.247044
0.371278 -0.43482 0.733974 -0.248529
0.373055 -0.436039 0.734948 -0.249975
0.374836 -0.43725 0.735883 -0.251383
0.376623 -0.438453 0.73678 -0.252754
0.378413 -0.439649 0.737648 -0.254102
0.38021 -0.440835 0.738464 -0.255394
0.382015 -0.442012 0.739255 -0.256661
0.383825 -0.443181 0.740016 -0.257908
0.385639 -0.444342 0.74073 -0.259111
0.387459 -0.445493 0.741401 -0.26028
0.389287 -0.446631 0.742021 -0.261397
0.39112 -0.447762 0.742602 -0.262486
0.392956 -0.448885 0.743153 -0.26356
0.3948 -0.449998 0.743662 -0.264603
0.396651 -0.451102 0.744134 -0.265614
0.398509 -0.452195 0.744568 -0.266604
0.400372 -0.453278 0.744952 -0.267557
0.402241 -0.45435 0.745283 -0.268476
0.404115 -0.455412 0.745583 -0.269385
0.405996 -0.456464 0.745835 -0.270271
0.407882 -0.457505 0.746041 -0.27113
0.409774 -0.458537 0.746209 -0.271977
0.411668 -0.459563 0.74634 -0.272823
0.413567 -0.460578 0.746424 -0.273651
0.415473 -0.461583 0.746461 -0.274462
0.417384 -0.462578 0.746474 -0.275285
0.419299 -0.463566 0.746434 -0.276097
0.42122 -0.464543 0.746351 -0.276899
0.423145 -0.46551 0.746244 -0.277723
0.425074 -0.46647 0.746096 -0.278552
0.427006 -0.46742 0.745893 -0.279377
0.428945 -0.468359 0.745667 -0.280222
0.430886 -0.469294 0.745405 -0.281091
0.432828 -0.470222 0.745111 -0.281983
0.434773 -0.471145 0.744796 -0.282916
0.436719 -0.47206 0.744433 -0.283862
0.438677 -0.472962 0.744048 -0.284835
0.440636 -0.473858 0.743645 -0.285853
0.442596 -0.474751 0.743207 -0.286907
0.444557 -0.475639 0.742752 -0.28801
0.446521 -0.476525 0.742296 -0.289183
0.448487 -0.477406 0.741814 -0.290399
0.450453 -0.478283 0.741302 -0.291662
0.45242 -0.479156 0.740776 -0.292989
0.454389 -0.480024 0.740243 -0.294382
0.456359 -0.480891 0.739697 -0.295838
0.458327 -0.481761 0.739141 -0.297367
0.4603 -0.482627 0.738597 -0.298978
0.462271 -0.483494 0.73804 -0.300657
0.464241 -0.484364 0.73748 -0.302417
0.466206 -0.485239 0.73692 -0.304266
0.468169 -0.486118 0.73636 -0.306198
0.470135 -0.486996 0.7358 -0.308204
0.4721 -0.48788 0.735248 -0.310305
0.474061 -0.48877 0.734699 -0.312494
0.476019 -0.489666 0.73416 -0.314773
0.477976 -0.490568 0.733621 -0.31713
0.479931 -0.491478 0.733091 -0.319579
0.481879 -0.4924 0.732577 -0.322125
0.48382 -0.493334 0.732069 -0.324761
0.485756 -0.494281 0.73156 -0.327478
0.487685 -0.495239 0.731059 -0.330285
0.489611 -0.496209 0.730572 -0.333181
0.491531 -0.497191 0.730084 -0.33615
0.493441 -0.498191 0.72959 -0.339197
0.495337 -0.499211 0.729103 -0.342336
0.497225 -0.500248 0.72862 -0.345552
0.499102 -0.501304 0.728127 -0.348834
0.500967 -0.502381 0.72764 -0.352191
0.502824 -0.503473 0.727141 -0.355606
0.504671 -0.504583 0.726634 -0.359075
0.506502 -0.505718 0.726119 -0.362605
0.50832 -0.506874 0.725596 -0.366188
0.510124 -0.508053 0.725057 -0.369812
0.51191 -0.509258 0.724505 -0.373484
0.513679 -0.510488 0.723935 -0.377189
0.515436 -0.511737 0.723347 -0.380922
0.517172 -0.51301 0.722728 -0.384673
0.518889 -0.51431 0.722078 -0.388445
0.520586 -0.515637 0.72141 -0.392238
0.522263 -0.516988 0.720715 -0.396039
0.523916 -0.518367 0.719985 -0.399838
0.525548 -0.519771 0.719217 -0.403624
0.527163 -0.521198 0.718433 -0.40741
0.528758 -0.522646 0.71762 -0.411177
0.530329 -0.52412 0.716767 -0.414916
0.531873 -0.525622 0.715875 -0.418631
0.533392 -0.527147 0.714953 -0.422321
0.534888 -0.528696 0.713998 -0.425975
0.536358 -0.530271 0.713004 -0.429593
0.537802 -0.531868 0.711979 -0.433167
0.539222 -0.533486 0.71092 -0.436688
0.540619 -0.535126 0.709835 -0.440157
0.541989 -0.536788 0.708716 -0.443574
0.54333 -0.538473 0.707571 -0.446942
0.544646 -0.540178 0.706392 -0.450248
0.545943 -0.541898 0.705196 -0.453493
0.547214 -0.543637 0.703973 -0.456678
0.548454 -0.545398 0.70272 -0.4598
0.549671 -0.547175 0.701449 -0.46286
0.550867 -0.548966 0.700156 -0.46585
0.552036 -0.550775 0.698844 -0.468779
0.553184 -0.552598 0.697515 -0.471645
0.55431 -0.554434 0.696169 -0.47444
0.555415 -0.556282 0.694811 -0.477173
0.556502 -0.558141 0.693455 -0.479857
0.557567 -0.560014 0.692083 -0.482479
0.558613 -0.561898 0.690702 -0.485038
0.559641 -0.563788 0.689316 -0.487538
0.560652 -0.565689 0.687938 -0.489999
0.561648 -0.567601 0.686564 -0.492416
0.562627 -0.569521 0.685185 -0.494779
0.563589 -0.571447 0.683801 -0.497093
0.564537 -0.573381 0.682418 -0.499367
0.565471 -0.575323 0.681041 -0.501606
0.566399 -0.577267 0.679686 -0.503811
0.567318 -0.579215 0.678343 -0.505985
0.568226 -0.581168 0.677003 -0.508125
0.569128 -0.583124 0.675681 -0.510242
0.570021 -0.585083 0.674372 -0.512337
0.570908 -0.587045 0.673085 -0.514418
0.571791 -0.58901 0.671814 -0.516481
0.572669 -0.590979 0.67057 -0.518535
0.573544 -0.592948 0.669348 -0.52058
0.574415 -0.594916 0.668136 -0.522609
0.575286 -0.596885 0.666952 -0.524632
0.576159 -0.598857 0.665808 -0.526666
0.577034 -0.600826 0.664695 -0.528703
0.577911 -0.602793 0.66361 -0.530735
0.578793 -0.604757 0.662558 -0.532765
0.579673 -0.606721 0.66153 -0.534805
0.580558 -0.608687 0.660552 -0.536863
0.581452 -0.610648 0.659612 -0.538924
0.582351 -0.612604 0.658703 -0.540995
0.583247 -0.614562 0.657819 -0.543084
0.58415 -0.616522 0.656984 -0.545193
0.585069 -0.618471 0.656202 -0.547308
0.585998 -0.620414 0.655463 -0.549435
0.586933 -0.622353 0.65476 -0.551575
0.587875 -0.624288 0.654097 -0.553735
0.588823 -0.626222 0.653479 -0.555914
0.589783 -0.62815 0.652913 -0.55811
0.590751 -0.630074 0.652397 -0.56032
0.591726 -0.631995 0.651923 -0.562548
0.592709 -0.633916 0.651499 -0.564799
0.593702 -0.63583 0.651118 -0.567066
0.594708 -0.637734 0.650784 -0.569341
0.595728 -0.639629 0.650498 -0.571625
0.596753 -0.641525 0.650265 -0.573938
0.597788 -0.643414 0.650074 -0.576261
0.598836 -0.645296 0.649928 -0.578595
0.599893 -0.64717 0.64982 -0.580941
0.600956 -0.649045 0.64977 -0.583308
0.602032 -0.650913 0.649765 -0.585682
0.603119 -0.652774 0.6498 -0.588065
0.604216 -0.654628 0.649877 -0.590458
0.605324 -0.656473 0.650004 -0.592861
0.606439 -0.658316 0.650175 -0.595272
0.607564 -0.660153 0.650386 -0.59769
0.608696 -0.661986 0.650633 -0.600123
0.609832 -0.663816 0.650908 -0.602565
0.610977 -0.665641 0.651226 -0.605013
0.612137 -0.667456 0.651591 -0.607457
0.613304 -0.669267 0.651994 -0.609909
0.614478 -0.671074 0.652428 -0.612369
0.615662 -0.672873 0.652899 -0.61483
0.616854 -0.674668 0.653406 -0.617294
0.618052 -0.676459 0.65394 -0.619764
0.619258 -0.678243 0.654507 -0.622231
0.620472 -0.680022 0.655108 -0.624697
0.621687 -0.681803 0.655736 -0.627174
0.622912 -0.683577 0.65639 -0.629652
0.624145 -0.685341 0.657069 -0.632124
0.625384 -0.687102 0.657779 -0.634601
0.626624 -0.688864 0.658511 -0.637076
0.627875 -0.690619 0.659275 -0.639548
0.629136 -0.692365 0.660061 -0.642019
0.630402 -0.69411 0.660872 -0.644491
0.631668 -0.695854 0.661703 -0.646957
0.632931 -0.697598 0.662545 -0.649425
0.634199 -0.699339 0.663407 -0.651894
0.635478 -0.701074 0.664294 -0.65436
0.636768 -0.702803 0.665211 -0.656825
0.638058 -0.704528 0.666142 -0.659283
0.639347 -0.706252 0.667082 -0.661741
0.64064 -0.707975 0.668036 -0.664199
0.641937 -0.709695 0.669 -0.666653
0.643237 -0.711411 0.669976 -0.6691
0.644538 -0.713127 0.670975 -0.671548
0.645845 -0.714839 0.671991 -0.673993
0.647159 -0.716547 0.673023 -0.676436
0.648473 -0.718254 0.674065 -0.678873
0.649788 -0.719962 0.675118 -0.681311
0.651107 -0.721663 0.676176 -0.683739
0.652429 -0.723361 0.677248 -0.686166
0.653757 -0.725059 0.678342 -0.688594
0.655087 -0.726753 0.679445 -0.691013
0.65642 -0.728445 0.680554 -0.69343
0.65775 -0.730139 0.681667 -0.695851
0.659077 -0.731835 0.682792 -0.69827
0.660407 -0.733525 0.683919 -0.70068
0.661742 -0.735216 0.685061 -0.703093
0.663083 -0.736903 0.686217 -0.7055
0.664425 -0.738588 0.687377 -0.707904
0.665767 -0.740273 0.688546 -0.710304
0.667116 -0.741953 0.689721 -0.712701
0.668461 -0.743634 0.690898 -0.715095
0.669802 -0.74532 0.692081 -0.717496
0.671142 -0.747005 0.693268 -0.719898
0.672489 -0.748683 0.694468 -0.722291
0.673839 -0.750363 0.69568 -0.724683
0.675193 -0.75204 0.696901 -0.727073
0.676548 -0.753713 0.698116 -0.729457
0.677895 -0.755393 0.699336 -0.731845
0.679244 -0.757072 0.700555 -0.734231
0.680599 -0.758747 0.701793 -0.736614
0.681956 -0.760423 0.70304 -0.739002
0.683318 -0.762091 0.704297 -0.741378
0.68468 -0.763759 0.705553 -0.743755
0.686036 -0.765432 0.7068 -0.746141
0.687386 -0.767107 0.708052 -0.748526
0.688742 -0.768776 0.709313 -0.750907
0.690106 -0.770444 0.710589 -0.753287
0.691466 -0.772116 0.711864 -0.75567
0.692825 -0.773786 0.692825 -0.773786
