0 -0 0
0.000524853 -0.00208905 0
0.00106282 -0.00417476 0
0.00161388 -0.00625704 0
0.00217802 -0.00833583 0
0.0027552 -0.010411 0
0.00334542 -0.0124826 0
0.00394863 -0.0145503 0
0.00456483 -0.0166143 0
0.00519398 -0.0186743 0
0.00583607 -0.0207304 0
0.00649105 -0.0227823 0
0.00715892 -0.0248302 0
0.00783965 -0.0268738 0
0.00853321 -0.028913 0
0.00923955 -0.0309479 0
0.00995867 -0.0329782 0
0.0106905 -0.0350041 0
0.0114351 -0.0370252 0
0.0121924 -0.0390417 0
0.0129623 -0.0410534 0
0.0137448 -0.0430601 0
0.01454 -0.045062 0
0.0153477 -0.0470589 0
0.0161679 -0.0490505 0
0.0170006 -0.051037 0
0.0178458 -0.0530182 0
0.0187034 -0.0549941 0
0.0195735 -0.0569646 0
0.0204558 -0.0589295 0
0.0213506 -0.0608889 0
0.0222575 -0.0628425 0
0.0231768 -0.0647905 0
0.0241083 -0.0667327 0
0.025052 -0.0686689 0
0.0260078 -0.0705992 0
0.0269757 -0.0725235 0
0.0279557 -0.0744416 0
0.0289477 -0.0763535 0
0.0299517 -0.0782591 0
0.0309678 -0.0801585 0
0.0319956 -0.0820513 0
0.0330354 -0.0839378 0
0.034087 -0.0858176 0
0.0351503 -0.0876907 0
0.0362255 -0.0895572 0
0.0373123 -0.0914169 0
0.0384108 -0.0932697 0
0.0395209 -0.0951155 0
0.0406426 -0.0969543 0
0.0417759 -0.0987863 0
0.0429206 -0.100611 0
0.0440768 -0.102428 0
0.0452443 -0.104238 0
0.0464232 -0.106041 0
0.0476134 -0.107836 0
0.0488149 -0.109624 0
0.0500275 -0.111404 0
0.0512514 -0.113177 0
0.0524863 -0.114941 0
0.0537324 -0.116699 0
0.0549893 -0.118448 0
0.0562574 -0.120189 0
0.0575363 -0.121922 0
0.058826 -0.123647 0
0.0601267 -0.125364 0
0.0614381 -0.127073 0
0.06276 -0.128773 0
0.0640927 -0.130466 0
0.065436 -0.132149 0
0.06679 -0.133825 0
0.0681543 -0.135491 0
0.0695291 -0.13715 0
0.0709144 -0.138799 0
0.0723099 -0.14044 0
0.0737157 -0.142072 0
0.0751318 -0.143695 0
0.0765579 -0.145309 0
0.0779944 -0.146914 0
0.0794408 -0.14851 0
0.0808972 -0.150097 0
0.0823634 -0.151675 0
0.0838397 -0.153244 0
0.0853257 -0.154803 0
0.0868215 -0.156353 0
0.0883271 -0.157893 0
0.0898423 -0.159424 0
0.091367 -0.160945 0
0.0929014 -0.162457 0
0.0944451 -0.163959 0
0.0959983 -0.165452 0
0.0975607 -0.166934 0
0.0991326 -0.168407 0
0.100714 -0.16987 0
0.102304 -0.171323 0
0.103903 -0.172766 0
0.105511 -0.174199 0
0.107129 -0.175621 0
0.108755 -0.177034 0
0.11039 -0.178436 0
0.112034 -0.179828 0
0.113686 -0.181209 0
0.115348 -0.182581 0
0.117017 -0.183941 0
0.118695 -0.185291 0
0.120382 -0.186631 0
0.122077 -0.18796 0
0.123781 -0.189278 0
0.125492 -0.190586 0
0.127212 -0.191883 0
0.12894 -0.193169 0
0.130676 -0.194444 0
0.13242 -0.195708 0
0.134172 -0.196961 0
0.135932 -0.198203 0
0.137699 -0.199434 0
0.139475 -0.200655 0
0.141257 -0.201863 0
0.143048 -0.203061 0
0.144846 -0.204247 0
0.146651 -0.205422 0
0.148464 -0.206585 0
0.150284 -0.207738 0
0.152111 -0.208878 0
0.153945 -0.210007 0
0.155786 -0.211125 0
0.157635 -0.212231 0
0.15949 -0.213325 0
0.161352 -0.214408 0
0.163221 -0.215479 0
0.165096 -0.216539 0
0.166978 -0.217586 0
0.168867 -0.218622 0
0.170762 -0.219645 0
0.172664 -0.220657 0
0.174572 -0.221657 0
0.176486 -0.222645 0
0.178406 -0.22362 0
0.180332 -0.224584 0
0.182265 -0.225536 0
0.184203 -0.226475 0
0.186147 -0.227402 0
0.188097 -0.228317 0
0.190053 -0.22922 0
0.192014 -0.23011 0
0.193981 -0.230989 0
0.195954 -0.231854 0
0.197931 -0.232707 0
0.199914 -0.233548 0
0.201903 -0.234377 0
0.203896 -0.235192 0
0.205895 -0.235996 0
0.207898 -0.236787 0
0.209907 -0.237565 0
0.21192 -0.23833 0
0.213938 -0.239083 0
0.215961 -0.239823 0
0.217988 -0.24055 0
0.220021 -0.241265 0
0.222057 -0.241967 0
0.224098 -0.242656 0
0.226143 -0.243332 0
0.228192 -0.243996 0
0.230246 -0.244646 0
0.232303 -0.245283 0
0.234364 -0.245908 0
0.23643 -0.24652 0
0.238499 -0.247118 0
0.240572 -0.247704 0
0.242648 -0.248277 0
0.244728 -0.248836 0
0.246812 -0.249383 0
0.248899 -0.249916 0
0.250989 -0.250436 0
0.253082 -0.250943 0
0.255179 -0.251438 0
0.257278 -0.251918 0
0.259381 -0.252386 0
0.261487 -0.25284 0
0.263594 -0.253281 0
0.265706 -0.253709 0
0.26782 -0.254124 0
0.269936 -0.254525 0
0.272055 -0.254913 0
0.274176 -0.255287 0
0.276299 -0.255649 0
0.278425 -0.255997 0
0.280553 -0.256331 0
0.282683 -0.256653 0
0.284814 -0.25696 0
0.286948 -0.257255 0
0.289084 -0.257536 0
0.291221 -0.257804 0
0.29336 -0.258058 0
0.2955 -0.258298 0
0.297643 -0.258526 0
0.299786 -0.25874 0
0.30193 -0.25894 0
0.304076 -0.259127 0
0.306223 -0.2593 0
0.308371 -0.25946 0
0.31052 -0.259606 0
0.31267 -0.259739 0
0.314821 -0.259859 0
0.316972 -0.259965 0
0.319124 -0.260057 0
0.321276 -0.260136 0
0.323429 -0.260201 0
0.325583 -0.260253 0
0.327736 -0.260291 0
0.329891 -0.260316 0
0.332044 -0.260327 0
0.334198 -0.260324 0
0.336352 -0.260308 0
0.338506 -0.260279 0
0.34066 -0.260236 0
0.342813 -0.26018 0
0.344965 -0.260109 0
0.347118 -0.260026 0
0.34927 -0.259929 0
0.351421 -0.259818 0
0.353571 -0.259694 0
0.355721 -0.259557 0
0.35787 -0.259406 0
0.360018 -0.259241 0
0.362164 -0.259063 0
0.364309 -0.258871 0
0.366453 -0.258666 0
0.368597 -0.258448 0
0.370737 -0.258215 0
0.372878 -0.25797 0
0.375016 -0.257711 0
0.377153 -0.257439 0
0.379288 -0.257153 0
0.381421 -0.256854 0
0.383552 -0.256541 0
0.385681 -0.256215 0
0.387808 -0.255876 0
0.389934 -0.255524 0
0.392055 -0.255157 0
0.394176 -0.254778 0
0.396294 -0.254386 0
0.398409 -0.25398 0
0.400522 -0.25356 0
0.402632 -0.253128 0
0.404739 -0.252682 0
0.406844 -0.252223 0
0.408946 -0.251751 0
0.411045 -0.251266 0
0.413139 -0.250767 0
0.415232 -0.250255 0
0.417321 -0.249731 0
0.419407 -0.249193 0
0.421489 -0.248642 0
0.423568 -0.248078 0
0.425643 -0.2475 0
0.427714 -0.24691 0
0.429782 -0.246307 0
0.431846 -0.245691 0
0.433906 -0.245061 0
0.435962 -0.244419 0
0.438015 -0.243765 0
0.440062 -0.243097 0
0.442106 -0.242416 0
0.444145 -0.241722 0
0.44618 -0.241016 0
0.44821 -0.240297 0
0.450236 -0.239565 0
0.452257 -0.23882 0
0.454273 -0.238063 0
0.456285 -0.237293 0
0.458292 -0.236511 0
0.460293 -0.235715 0
0.46229 -0.234908 0
0.464283 -0.234088 0
0.466269 -0.233255 0
0.46825 -0.23241 0
0.470226 -0.231552 0
0.472197 -0.230682 0
0.474161 -0.229799 0
0.476121 -0.228905 0
0.478074 -0.227998 0
0.480022 -0.227078 0
0.481965 -0.226147 0
0.483901 -0.225204 0
0.485831 -0.224248 0
0.487755 -0.22328 0
0.489673 -0.2223 0
0.491586 -0.221308 0
0.493491 -0.220304 0
0.495391 -0.219288 0
0.497283 -0.21826 0
0.499169 -0.21722 0
0.50105 -0.216168 0
0.502923 -0.215105 0
0.504789 -0.21403 0
0.506649 -0.212943 0
0.508501 -0.211845 0
0.510348 -0.210735 0
0.512186 -0.209613 0
0.514018 -0.20848 0
0.515842 -0.207335 0
0.51766 -0.206179 0
0.519471 -0.205011 0
0.521273 -0.203832 0
0.523068 -0.202642 0
0.524856 -0.20144 0
0.526636 -0.200228 0
0.528409 -0.199004 0
0.530173 -0.197769 0
0.53193 -0.196523 0
0.533679 -0.195266 0
0.535421 -0.193998 0
0.537154 -0.192719 0
0.538879 -0.191429 0
0.540596 -0.190129 0
0.542305 -0.188817 0
0.544006 -0.187495 0
0.545698 -0.186163 0
0.547381 -0.184819 0
0.549057 -0.183466 0
0.550723 -0.182101 0
0.552381 -0.180726 0
0.554031 -0.179341 0
0.555672 -0.177945 0
0.557303 -0.17654 0
0.558927 -0.175124 0
0.560541 -0.173697 0
0.562146 -0.172261 0
0.563742 -0.170814 0
0.56533 -0.169358 0
0.566907 -0.167892 0
0.568475 -0.166416 0
0.570035 -0.16493 0
0.571585 -0.163434 0
0.573125 -0.161928 0
0.574656 -0.160413 0
0.576177 -0.158888 0
0.577689 -0.157354 0
0.579191 -0.15581 0
0.580685 -0.154257 0
0.582166 -0.152695 0
0.583639 -0.151123 0
0.585102 -0.149542 0
0.586555 -0.147952 0
0.587998 -0.146352 0
0.589431 -0.144744 0
0.590853 -0.143127 0
0.592266 -0.141501 0
0.593668 -0.139865 0
0.595061 -0.138222 0
0.596441 -0.136569 0
0.597812 -0.134908 0
0.599174 -0.133238 0
0.600524 -0.13156 0
0.601863 -0.129873 0
0.603193 -0.128178 0
0.60451 -0.126475 0
0.605818 -0.124763 0
0.607114 -0.123043 0
0.608401 -0.121315 0
0.609675 -0.119579 0
0.61094 -0.117835 0
0.612194 -0.116083 0
0.613435 -0.114324 0
0.614666 -0.112556 0
0.615886 -0.110781 0
0.617094 -0.108998 0
0.618293 -0.107208 0
0.619479 -0.10541 0
0.620654 -0.103604 0
0.621817 -0.101792 0
0.622969 -0.0999717 0
0.624111 -0.0981447 0
0.625239 -0.0963103 0
0.626356 -0.0944689 0
0.627463 -0.0926208 0
0.628557 -0.0907655 0
0.629641 -0.0889035 0
0.630711 -0.0870346 0
0.631771 -0.0851591 0
0.632817 -0.0832769 0
0.633854 -0.0813883 0
0.634878 -0.0794932 0
0.635889 -0.0775916 0
0.636888 -0.0756837 0
0.637877 -0.0737697 0
0.638852 -0.0718493 0
0.639816 -0.069923 0
0.640767 -0.0679905 0
0.641707 -0.0660522 0
0.642634 -0.064108 0
0.643549 -0.0621581 0
0.644452 -0.0602024 0
0.645342 -0.058241 0
0.64622 -0.0562741 0
0.647087 -0.0543019 0
0.647939 -0.052324 0
0.64878 -0.050341 0
0.649608 -0.0483526 0
0.650424 -0.0463592 0
0.651227 -0.0443606 0
0.652018 -0.042357 0
0.652796 -0.0403485 0
0.653561 -0.0383351 0
0.654314 -0.036317 0
0.655056 -0.0342942 0
0.655782 -0.0322667 0
0.656497 -0.0302348 0
0.657198 -0.0281983 0
0.657888 -0.0261576 0
0.658564 -0.0241125 0
0.659227 -0.0220632 0
0.659878 -0.0200098 0
0.660515 -0.0179523 0
0.66114 -0.0158909 0
0.661752 -0.0138256 0
0.662349 -0.0117565 0
0.662936 -0.00968369 0
0.663508 -0.00760722 0
0.664069 -0.0055272 0
0.664614 -0.0034437 0
0.665148 -0.00135681 0
0.665668 0.000733388 0
0.666175 0.00282681 0
0.666669 0.00492338 0
0.66715 0.00702303 0
0.667617 0.00912562 0
0.668072 0.0112312 0
0.668513 0.0133395 0
0.668941 0.0154505 0
0.669355 0.0175642 0
0.669756 0.0196805 0
0.670145 0.0217992 0
0.670519 0.0239204 0
0.67088 0.0260438 0
0.671229 0.0281695 0
0.671562 0.0302973 0
0.671885 0.0324272 0
0.672192 0.0345591 0
0.672486 0.0366928 0
0.672767 0.0388283 0
0.673036 0.0409657 0
0.67329 0.0431046 0
0.67353 0.045245 0
0.673757 0.047387 0
0.673972 0.0495304 0
0.674171 0.0516749 0
0.674359 0.0538209 0
0.674532 0.0559678 0
0.674692 0.0581158 0
0.674838 0.0602648 0
0.674972 0.0624147 0
0.67509 0.0645653 0
0.675196 0.0667167 0
0.675288 0.0688687 0
0.675368 0.0710213 0
0.675432 0.0731742 0
0.675485 0.0753276 0
0.675522 0.0774812 0
0.675547 0.079635 0
0.675559 0.081789 0
0.675557 0.083943 0
0.67554 0.0860969 0
0.675511 0.0882506 0
0.675468 0.0904041 0
0.675412 0.0925575 0
0.67534 0.0947101 0
0.675258 0.0968626 0
0.67516 0.0990143 0
0.67505 0.101165 0
0.674926 0.103316 0
0.674789 0.105466 0
0.674637 0.107614 0
0.674472 0.109762 0
0.674295 0.111908 0
0.674104 0.114054 0
0.673897 0.116198 0
0.67368 0.118341 0
0.673447 0.120482 0
0.673202 0.122622 0
0.672943 0.124761 0
0.672671 0.126897 0
0.672385 0.129032 0
0.672086 0.131165 0
0.671773 0.133297 0
0.671448 0.135426 0
0.671107 0.137553 0
0.670756 0.139678 0
0.670389 0.1418 0
0.67001 0.143921 0
0.669617 0.146038 0
0.669212 0.148154 0
0.668792 0.150267 0
0.66836 0.152377 0
0.667914 0.154484 0
0.667455 0.156589 0
0.666982 0.15869 0
0.666498 0.160789 0
0.665999 0.162884 0
0.665487 0.164977 0
