-0.505114 0.387868 0
-0.504295 0.387835 0.00032574
-0.504151 0.387669 0.000361014
-0.504036 0.387407 0.000371023
-0.504029 0.38706 0.000325225
-0.505343 0.386258 0.00717864
-0.506191 0.385549 0.0140202
-0.506499 0.38492 0.0189009
-0.506737 0.384305 0.0229874
-0.506895 0.383693 0.0266855
-0.507011 0.383082 0.030186
-0.507092 0.382478 0.033495
-0.507176 0.38188 0.0366057
-0.507273 0.381293 0.0397169
-0.507323 0.38072 0.0428588
-0.507319 0.38017 0.0458459
-0.507373 0.37964 0.0488326
-0.507402 0.379137 0.0518577
-0.507425 0.378662 0.0549173
-0.507458 0.37822 0.0580097
-0.50744 0.377815 0.0609697
-0.507503 0.377444 0.0641328
-0.507502 0.377116 0.0671745
-0.507517 0.376828 0.0704512
-0.507574 0.376584 0.0735683
-0.507624 0.376386 0.0767417
-0.507679 0.376231 0.0801602
-0.507701 0.376128 0.0834536
-0.507818 0.376067 0.0869582
-0.50788 0.376061 0.0903492
-0.507875 0.376102 0.0940193
-0.507915 0.376192 0.0977296
-0.508043 0.376328 0.101463
-0.508154 0.376515 0.105261
-0.508211 0.376754 0.10914
-0.508289 0.377035 0.113263
-0.508361 0.377371 0.117251
-0.50847 0.377748 0.121477
-0.508549 0.378173 0.125771
-0.508661 0.378643 0.130107
-0.508717 0.379153 0.134715
-0.508771 0.379707 0.139377
-0.508833 0.380303 0.144088
-0.508876 0.380942 0.148857
-0.508913 0.381613 0.153873
-0.508938 0.382323 0.158941
-0.508901 0.383074 0.164081
-0.508857 0.383851 0.169462
-0.508801 0.384664 0.17489
-0.508719 0.385511 0.180369
-0.508569 0.386383 0.186108
-0.508419 0.387285 0.191884
-0.508237 0.388207 0.1979
-0.508009 0.389157 0.203967
-0.507734 0.390137 0.210082
-0.507367 0.391133 0.216455
-0.506994 0.392155 0.222853
-0.506628 0.393199 0.229269
-0.506147 0.394258 0.235944
-0.505618 0.395338 0.242654
-0.505 0.39643 0.249606
-0.504383 0.397542 0.256566
-0.50375 0.39867 0.26354
-0.502994 0.39981 0.270759
-0.502127 0.400969 0.278022
-0.501262 0.402142 0.285284
-0.500299 0.403332 0.29258
-0.499393 0.404534 0.299844
-0.498375 0.40574 0.307332
-0.497286 0.40697 0.314645
-0.496135 0.408202 0.322154
-0.495034 0.409448 0.329437
-0.493864 0.410704 0.336724
-0.492672 0.411966 0.343997
-0.4914 0.413234 0.351274
-0.490088 0.414506 0.358536
-0.488815 0.415785 0.365567
-0.487464 0.417058 0.372777
-0.486166 0.418342 0.379564
-0.484798 0.419616 0.386523
-0.483447 0.420891 0.393254
-0.482058 0.422161 0.399956
-0.4807 0.423426 0.406423
-0.47931 0.424682 0.412857
-0.4779 0.425928 0.419252
-0.476513 0.427165 0.425414
-0.475116 0.428389 0.431528
-0.473662 0.4296 0.437612
-0.472272 0.430796 0.443445
-0.470843 0.431977 0.449239
-0.46938 0.433141 0.454992
-0.467954 0.434288 0.460503
-0.466515 0.435415 0.465963
-0.465066 0.436522 0.471367
-0.463642 0.437609 0.476536
-0.462198 0.438674 0.481654
-0.460726 0.439718 0.486722
-0.459323 0.440738 0.491538
-0.457784 0.441736 0.49651
-0.456308 0.44271 0.501232
-0.454818 0.443659 0.505897
-0.453383 0.444583 0.510318
-0.451829 0.445483 0.514881
-0.450342 0.446356 0.519196
-0.448837 0.447203 0.523455
-0.447407 0.448023 0.527466
-0.44584 0.448819 0.531619
-0.444344 0.449587 0.535527
-0.442715 0.450332 0.539576
-0.441165 0.451048 0.543377
-0.43959 0.451737 0.547124
-0.437995 0.4524 0.550815
-0.436485 0.453031 0.554262
-0.434825 0.453643 0.557847
-0.433134 0.454229 0.561381
-0.431534 0.454784 0.56467
-0.429792 0.455318 0.568096
-0.428142 0.455821 0.57128
-0.426463 0.456299 0.574412
-0.424628 0.456759 0.57768
-0.422883 0.457188 0.580711
-0.42099 0.4576 0.583875
-0.41919 0.457981 0.586804
-0.417232 0.458346 0.589868
-0.415238 0.458689 0.592883
-0.413211 0.459012 0.595845
-0.411155 0.459312 0.598756
-0.409069 0.459591 0.601616
-0.406949 0.45985 0.604428
-0.404659 0.460101 0.607374
-0.402332 0.460332 0.610271
-0.399974 0.460546 0.613116
-0.397585 0.460743 0.615909
-0.39516 0.460923 0.618653
-0.392559 0.461102 0.621525
-0.389921 0.461267 0.624348
-0.387253 0.461418 0.627119
-0.384555 0.461554 0.629837
-0.381821 0.461679 0.632507
-0.378914 0.461809 0.635295
-0.376117 0.461909 0.637864
-0.373142 0.462018 0.640551
-0.370134 0.462117 0.643186
-0.367088 0.462208 0.645772
-0.363866 0.462312 0.648468
-0.36076 0.462387 0.65095
-0.357476 0.462478 0.653539
-0.354312 0.462538 0.655917
-0.350973 0.462616 0.658398
-0.347754 0.462665 0.660671
-0.344355 0.462734 0.663048
-0.341092 0.462771 0.665216
-0.337636 0.46283 0.667488
-0.334307 0.462859 0.669559
-0.330808 0.462912 0.671722
-0.327439 0.462932 0.673688
-0.32405 0.462949 0.675603
-0.320816 0.462932 0.677319
-0.317386 0.462941 0.679135
-0.314089 0.462918 0.680767
-0.310792 0.46289 0.682345
-0.307478 0.46286 0.683877
-0.304138 0.462827 0.685368
-0.300942 0.462759 0.686684
-0.297739 0.462689 0.687956
-0.294528 0.462615 0.689185
-0.291468 0.462505 0.69025
-0.288397 0.462393 0.691277
-0.285292 0.46228 0.692272
-0.282195 0.462166 0.693224
-0.279083 0.462049 0.694143
-0.276126 0.461897 0.694912
-0.273159 0.461743 0.695653
-0.270155 0.46159 0.696374
-0.267149 0.461437 0.697056
-0.264138 0.461284 0.697709
-0.261124 0.461131 0.698332
-0.258283 0.460942 0.69882
-0.255248 0.460792 0.69939
-0.252367 0.460606 0.699831
-0.249277 0.46046 0.700364
-0.246173 0.460317 0.700875
-0.243053 0.460177 0.701366
-0.239935 0.46004 0.701821
-0.236841 0.459905 0.702238
-0.23372 0.459775 0.702641
-0.230556 0.45965 0.703037
-0.227192 0.459568 0.703506
-0.224037 0.459451 0.703843
-0.220696 0.459378 0.70424
-0.217315 0.459311 0.704627
-0.213939 0.459249 0.704984
-0.210512 0.459195 0.705334
-0.207064 0.459146 0.705668
-0.203622 0.459105 0.705974
-0.200032 0.459107 0.706308
-0.196658 0.459076 0.706525
-0.193053 0.459093 0.706808
-0.189629 0.459076 0.706995
-0.185997 0.459108 0.707235
-0.182521 0.459108 0.707395
-0.17904 0.459116 0.707534
-0.175412 0.459171 0.707695
-0.171977 0.459194 0.707763
-0.168535 0.459225 0.707812
-0.165327 0.459224 0.707767
-0.161878 0.459272 0.707781
-0.158614 0.459289 0.707725
-0.155333 0.459316 0.70766
-0.152056 0.459352 0.707572
-0.148801 0.459397 0.70746
-0.145754 0.45941 0.707285
-0.142715 0.459433 0.707098
-0.139672 0.459465 0.706894
-0.136615 0.459508 0.706686
-0.13374 0.459521 0.706438
-0.130698 0.459582 0.706211
-0.127864 0.459614 0.705924
-0.125033 0.459655 0.705634
-0.12218 0.459708 0.70535
-0.119305 0.459771 0.705066
-0.116689 0.459803 0.704718
-0.113908 0.459884 0.704388
-0.111088 0.459976 0.704067
-0.108422 0.460041 0.70373
-0.1056 0.460154 0.703402
-0.10279 0.460277 0.703064
-0.099933 0.460412 0.702735
-0.0971066 0.460556 0.702394
-0.0942793 0.460711 0.702051
-0.0914291 0.460877 0.701705
-0.0884331 0.461091 0.701352
-0.0854985 0.461313 0.70097
-0.0825728 0.461544 0.700576
-0.0796198 0.461787 0.700182
-0.0764463 0.462081 0.699801
-0.0732909 0.462382 0.699405
-0.0699326 0.462734 0.699008
-0.0667891 0.463057 0.698587
-0.0634527 0.463427 0.698154
-0.0599134 0.463847 0.697711
-0.0565686 0.464237 0.697257
-0.0530725 0.464676 0.696771
-0.0495771 0.465123 0.69627
-0.0459041 0.465618 0.695741
-0.0422474 0.466123 0.695187
-0.0386088 0.466636 0.694609
-0.034986 0.467158 0.69401
-0.0312114 0.467728 0.693361
-0.0274421 0.468306 0.692692
-0.0236585 0.468894 0.69201
-0.0198892 0.46949 0.691306
-0.0161467 0.470094 0.690572
-0.012181 0.470748 0.689811
-0.00820035 0.471411 0.689037
-0.00425486 0.472082 0.68823
-0.000509615 0.472721 0.687429
0.00340219 0.473408 0.686574
0.00747151 0.474143 0.685658
0.0113628 0.474846 0.684759
0.0152044 0.475556 0.683823
0.0190141 0.476273 0.682859
0.0229985 0.477038 0.681838
0.0268277 0.477772 0.68085
0.0308354 0.478554 0.679806
0.0346235 0.479302 0.678772
0.0385829 0.480098 0.677678
0.0423393 0.480861 0.676602
0.0463004 0.481673 0.675477
0.0502569 0.482491 0.674337
0.0540169 0.483277 0.673223
0.0579453 0.484108 0.672045
0.0618562 0.484947 0.670845
0.0657443 0.485793 0.669623
0.0694021 0.486602 0.66842
0.073287 0.48746 0.667172
0.0771723 0.488325 0.665912
0.0810444 0.489195 0.664634
0.0849199 0.490073 0.663345
0.0887647 0.490954 0.662032
0.0925596 0.491841 0.660685
0.0963036 0.492731 0.659305
0.100069 0.493627 0.657924
0.103802 0.494527 0.656516
0.107701 0.495475 0.655032
0.111425 0.496385 0.653596
0.115129 0.4973 0.65214
0.118834 0.498218 0.650673
0.122703 0.499184 0.649123
0.126335 0.500109 0.647599
0.13013 0.501081 0.645992
0.133788 0.502014 0.644453
0.137439 0.502951 0.642898
0.141247 0.503933 0.641255
0.144902 0.504877 0.639675
0.148721 0.505867 0.638009
0.152337 0.506815 0.636384
0.156058 0.507807 0.634646
0.15961 0.508758 0.632966
0.163358 0.509756 0.631209
0.166921 0.510712 0.629504
0.170416 0.511667 0.627757
0.174022 0.512666 0.625894
0.177507 0.513625 0.624113
0.18117 0.514629 0.622239
0.184629 0.515589 0.620414
0.188126 0.516551 0.618586
0.191747 0.517558 0.616645
0.195149 0.518519 0.614746
0.198593 0.519481 0.612849
0.201996 0.520443 0.610916
0.20554 0.521449 0.608873
0.208933 0.522412 0.606901
0.212326 0.523374 0.604912
0.215687 0.524335 0.60289
0.219043 0.525296 0.60085
0.222567 0.526303 0.598703
0.225839 0.52726 0.596591
0.229101 0.528217 0.594457
0.232349 0.529173 0.592298
0.235543 0.530128 0.5901
0.238935 0.531127 0.587803
0.24215 0.532079 0.585573
0.245407 0.533034 0.583342
0.248615 0.533985 0.581072
0.251928 0.534978 0.578663
0.255059 0.535926 0.576324
0.258123 0.536871 0.573938
0.261409 0.537861 0.57146
0.264636 0.53881 0.569103
0.267805 0.539755 0.566705
0.271019 0.540741 0.564137
0.274031 0.541679 0.561637
0.277253 0.542663 0.559035
0.2803 0.543601 0.556512
0.283449 0.544582 0.553842
0.28657 0.54556 0.551143
0.289627 0.546497 0.548572
0.292743 0.547474 0.545834
0.29585 0.548451 0.543073
0.298798 0.549383 0.540405
0.301972 0.550361 0.537639
0.304974 0.551332 0.534784
0.307741 0.552257 0.531995
0.310839 0.553232 0.529147
0.31387 0.554204 0.526257
0.316804 0.555174 0.52331
0.319711 0.556103 0.520516
0.322677 0.557074 0.517553
0.325502 0.55804 0.514518
0.328427 0.55901 0.511509
0.33126 0.559938 0.508632
0.334186 0.560908 0.505598
0.337005 0.561876 0.502507
0.339786 0.562844 0.499386
0.342669 0.563814 0.496296
0.345553 0.564787 0.493195
0.348304 0.565756 0.490028
0.350909 0.566682 0.486976
0.353738 0.567656 0.48382
0.356487 0.568628 0.480621
0.359192 0.5696 0.477394
0.362 0.570577 0.4742
0.364688 0.571551 0.470948
0.367351 0.572526 0.467678
0.370099 0.573545 0.464245
0.372623 0.574519 0.460902
0.375307 0.575499 0.457616
0.377912 0.576479 0.454291
0.380404 0.577457 0.450913
0.383123 0.578484 0.447431
0.385768 0.579471 0.444104
0.388361 0.580498 0.440558
0.390804 0.581481 0.437136
0.393435 0.582514 0.433594
0.396008 0.583505 0.430215
0.398561 0.584539 0.426632
0.401155 0.585576 0.423061
0.403501 0.586566 0.419576
0.405996 0.587604 0.415956
0.408553 0.588645 0.412357
0.411069 0.589687 0.408738
0.413569 0.590731 0.405109
0.416011 0.591774 0.401452
0.418335 0.592815 0.397743
0.42077 0.593861 0.394078
0.423196 0.594909 0.390405
0.42572 0.596002 0.386576
0.427998 0.597048 0.382837
0.430415 0.5981 0.379152
0.432882 0.599154 0.375485
0.435147 0.600203 0.371734
0.43739 0.601293 0.367775
0.43973 0.602346 0.364049
0.441977 0.603397 0.360282
0.444118 0.604445 0.35647
0.446386 0.605538 0.352512
0.448659 0.606591 0.348749
0.45103 0.607648 0.345023
0.453261 0.608699 0.341238
0.455393 0.609748 0.337409
0.457475 0.610795 0.333559
0.459604 0.611843 0.329724
0.461834 0.612893 0.325929
0.464019 0.613942 0.322112
0.466021 0.614984 0.318218
0.467875 0.615979 0.314457
0.470018 0.617023 0.310615
0.472094 0.618064 0.306743
0.474038 0.619057 0.303011
0.476093 0.620095 0.299125
0.478074 0.621087 0.295402
0.47996 0.622075 0.291638
0.481821 0.623059 0.287861
0.483711 0.624043 0.284092
0.485492 0.625021 0.280275
0.487393 0.626001 0.276504
0.489343 0.62698 0.27275
0.491137 0.627911 0.269127
0.49292 0.628879 0.265299
0.494393 0.629795 0.261538
0.496152 0.630757 0.257692
0.498125 0.631683 0.254129
0.499942 0.632602 0.250499
0.501518 0.633509 0.246766
0.503165 0.634416 0.243059
0.504748 0.635318 0.239323
0.506387 0.636218 0.235605
0.508007 0.637075 0.232076
0.509682 0.63797 0.228366
0.511258 0.638858 0.224613
0.512809 0.639704 0.221045
0.51437 0.640584 0.217277
0.515858 0.641421 0.213676
0.51736 0.642254 0.210078
0.518932 0.643124 0.206304
0.520447 0.643951 0.202704
0.521951 0.644774 0.199096
0.523384 0.645592 0.195456
0.524834 0.646406 0.191819
0.526239 0.647216 0.188161
0.527736 0.648025 0.184537
0.529123 0.648791 0.181067
0.530439 0.649587 0.177363
0.531805 0.650382 0.173677
0.533336 0.651179 0.170055
0.534669 0.651929 0.166551
0.535899 0.652673 0.163003
0.537261 0.653455 0.159304
0.538617 0.654198 0.155801
0.539914 0.654935 0.152273
0.541171 0.655669 0.148727
0.542498 0.656402 0.145207
0.543737 0.657129 0.141649
0.544893 0.657851 0.138055
0.546099 0.658538 0.134683
0.547373 0.659259 0.131135
0.548501 0.659939 0.127728
0.549727 0.66062 0.124361
0.55083 0.661295 0.120942
0.551868 0.661932 0.117698
0.553177 0.66261 0.114362
0.554261 0.663246 0.111136
0.555173 0.663875 0.10784
0.556107 0.66447 0.104755
0.557212 0.665103 0.101537
0.558302 0.665702 0.0985165
0.559268 0.666296 0.0954452
0.560205 0.666888 0.0923625
0.561131 0.667447 0.0894785
0.562118 0.668008 0.0866205
0.562978 0.668565 0.0837116
0.563817 0.669121 0.0807946
0.564617 0.669643 0.0780655
0.565466 0.670168 0.075358
0.566411 0.670696 0.0726904
0.567202 0.671188 0.0701643
0.567865 0.671676 0.0675876
0.568607 0.672167 0.0650444
0.569443 0.672663 0.0625407
0.570198 0.673157 0.0600058
0.570874 0.673617 0.0576429
0.571582 0.674079 0.0552945
0.572305 0.674542 0.0529537
0.572943 0.674972 0.0507831
0.573594 0.675434 0.048416
0.574121 0.675829 0.0464056
0.574791 0.676262 0.0442524
0.575441 0.676629 0.0424984
0.575929 0.676959 0.040883
0.576354 0.677223 0.0396502
0.576708 0.677451 0.0385934
0.576936 0.677641 0.03769
0.577093 0.677762 0.0371656
0.577151 0.677813 0.0370086
0.577104 0.677792 0.0372161
0.576954 0.677733 0.0375837
0.576797 0.677605 0.0383536
0.576333 0.677399 0.0394021
0.575016 0.677131 0.0403006
0.587139 0.68466 0
