0 0 0 0
0.00337151 2.95009e-06 0.000290415 0.000828764
0.006743 1.481e-05 0.000490149 0.000906357
0.0101144 3.87264e-05 0.000772138 0.000914086
0.0134857 7.51038e-05 0.0011003 0.000766524
0.0168569 0.000120799 0.00132074 0.0070882
0.0202281 0.000168866 0.00159927 0.0140072
0.0235993 0.000215657 0.00201317 0.0189201
0.0269705 0.000260892 0.00245254 0.0230378
0.0303417 0.000304613 0.00291732 0.0267571
0.033713 0.000347297 0.00340012 0.0302786
0.0370842 0.000388869 0.00388981 0.0336035
0.0404555 0.00042931 0.0043781 0.0367354
0.0438268 0.000468127 0.00485145 0.0398661
0.0471981 0.000506078 0.00532248 0.0430194
0.0505694 0.000543021 0.00579927 0.0460183
0.0539407 0.000578435 0.00623626 0.0490198
0.0573121 0.000613549 0.00663792 0.0520383
0.0606834 0.000647921 0.00705237 0.055128
0.0640548 0.000679784 0.00740464 0.0582197
0.0674261 0.000712007 0.0077402 0.0611741
0.0707975 0.000744331 0.00801388 0.0643378
0.0741689 0.000774478 0.00829706 0.0673974
0.0775402 0.000803274 0.00850793 0.070664
0.0809116 0.000832045 0.00866502 0.0737745
0.084283 0.000860965 0.00878655 0.0769437
0.0876544 0.00088989 0.00886662 0.080361
0.0910258 0.0009176 0.00889943 0.0836355
0.0943972 0.000943981 0.00885983 0.0871294
0.0977686 0.000971328 0.00879927 0.0905131
0.10114 0.000997964 0.00872579 0.0941784
0.104511 0.0010241 0.00859364 0.097888
0.107883 0.00105122 0.00838349 0.101624
0.111254 0.00107741 0.00813876 0.105428
0.114626 0.00110226 0.00780134 0.109242
0.117997 0.00112927 0.0074378 0.113326
0.121368 0.00115791 0.00706102 0.117307
0.12474 0.0011852 0.00663209 0.121526
0.128111 0.0012117 0.00617924 0.125819
0.131483 0.00124166 0.00567575 0.130161
0.134854 0.00127317 0.00516617 0.134782
0.138225 0.00130051 0.00462215 0.139457
0.141597 0.00132937 0.00404224 0.144186
0.144968 0.00135971 0.00344167 0.148983
0.14834 0.00139382 0.00272284 0.153942
0.151711 0.00142829 0.00196522 0.158945
0.155082 0.0014656 0.00119974 0.164022
0.158453 0.00150627 0.000412482 0.169345
0.161825 0.00154828 -0.000317529 0.174792
0.165196 0.00159162 -0.00105879 0.180298
0.168567 0.00164048 -0.00178339 0.186077
0.171938 0.0016895 -0.0025195 0.191905
0.175309 0.00173985 -0.0032565 0.197976
0.178681 0.00179211 -0.00398945 0.204105
0.182052 0.001849 -0.00471507 0.210295
0.185423 0.0019068 -0.00539797 0.216758
0.188794 0.00196574 -0.00609352 0.223249
0.192164 0.00202885 -0.00680571 0.229765
0.195535 0.00209673 -0.0074598 0.23656
0.198906 0.00216573 -0.0081427 0.243361
0.202277 0.00224039 -0.00888534 0.250331
0.205647 0.00232128 -0.00964764 0.257312
0.209018 0.00240289 -0.0104214 0.264302
0.212388 0.00248889 -0.0111416 0.271548
0.215758 0.00258538 -0.0118142 0.278862
0.219128 0.00268877 -0.0125029 0.286175
0.222498 0.00279407 -0.0131485 0.293534
0.225868 0.00290448 -0.0138428 0.300851
0.229237 0.00302024 -0.0144853 0.308403
0.232607 0.00314397 -0.0149811 0.315892
0.235976 0.00327657 -0.0154275 0.323602
0.239344 0.0034158 -0.0159082 0.331084
0.242713 0.00355905 -0.0163486 0.338585
0.246081 0.00370612 -0.0167681 0.346082
0.249449 0.00385834 -0.0171282 0.353608
0.252817 0.00401316 -0.0174588 0.361127
0.256185 0.00417164 -0.0178012 0.368419
0.259552 0.004336 -0.0180885 0.375904
0.262919 0.00450607 -0.0183905 0.382975
0.266286 0.00468612 -0.018644 0.39023
0.269653 0.00487191 -0.0188821 0.397273
0.273019 0.00506186 -0.0190817 0.404297
0.276385 0.00525724 -0.0192744 0.411096
0.27975 0.00546143 -0.0194264 0.417877
0.283115 0.00566977 -0.0195386 0.424633
0.28648 0.00588081 -0.0196372 0.431161
0.289845 0.0060975 -0.0198864 0.43752
0.293209 0.00632193 -0.0201156 0.44384
0.296572 0.00655587 -0.020367 0.449904
0.299935 0.006798 -0.020577 0.45594
0.303297 0.00704334 -0.0207466 0.46194
0.306659 0.00729442 -0.0209171 0.467695
0.310021 0.00755369 -0.02106 0.473404
0.313382 0.00781983 -0.0211829 0.479056
0.316742 0.00809543 -0.0212964 0.484476
0.320102 0.00837678 -0.0213815 0.489844
0.323461 0.00866596 -0.0214308 0.495168
0.326819 0.0089637 -0.0214939 0.500235
0.330177 0.00926877 -0.0214495 0.505484
0.333534 0.00957877 -0.0214163 0.510473
0.336891 0.00989139 -0.0213587 0.5154
0.340247 0.0102115 -0.0213138 0.520072
0.343602 0.0105387 -0.0211871 0.524899
0.346956 0.0108811 -0.0210841 0.529469
0.35031 0.01123 -0.0209544 0.53398
0.353663 0.0115859 -0.0208506 0.538228
0.357016 0.0119508 -0.0206432 0.542642
0.360367 0.0123228 -0.0204556 0.546797
0.363717 0.0127013 -0.0201701 0.551113
0.367067 0.0130811 -0.0198001 0.555238
0.370417 0.0134634 -0.0193201 0.559359
0.373766 0.0138527 -0.0188028 0.563428
0.377114 0.014247 -0.0183058 0.56724
0.380461 0.0146496 -0.0176924 0.571223
0.383807 0.0150572 -0.017034 0.575159
0.387153 0.0154702 -0.0164015 0.578835
0.390498 0.0158898 -0.0156544 0.582678
0.393842 0.0163181 -0.0149328 0.586267
0.397185 0.0167538 -0.0141653 0.589814
0.400528 0.0171936 -0.0132703 0.593532
0.40387 0.0176414 -0.0124024 0.596998
0.407211 0.0180966 -0.0114159 0.600632
0.410551 0.0185581 -0.0104579 0.604014
0.41389 0.0190254 -0.00936002 0.607578
0.417228 0.0194971 -0.00819912 0.611111
0.420566 0.0199775 -0.00698599 0.614606
0.423902 0.0204678 -0.00572103 0.618068
0.427237 0.0209647 -0.00440127 0.621495
0.430572 0.0214658 -0.00302616 0.624888
0.433905 0.0219728 -0.00151199 0.62846
0.437237 0.0224833 6.05436e-05 0.631997
0.440568 0.0229996 0.00168914 0.6355
0.443898 0.0235231 0.00337524 0.63897
0.447227 0.0240543 0.00512 0.642411
0.450554 0.0245953 0.00700961 0.646035
0.453881 0.0251416 0.00895289 0.649624
0.457206 0.0256983 0.0108334 0.653099
0.460529 0.0262673 0.0126288 0.656446
0.46385 0.0268502 0.0144761 0.659769
0.467169 0.0274435 0.0164445 0.663252
0.470486 0.0280492 0.018372 0.6665
0.473802 0.0286663 0.0204307 0.669917
0.477115 0.0292931 0.0225303 0.673295
0.480427 0.0299301 0.0246776 0.676641
0.483736 0.0305765 0.0269518 0.680146
0.487044 0.031233 0.0291761 0.683413
0.490349 0.031898 0.0315251 0.686836
0.493651 0.0325723 0.0338184 0.690017
0.496951 0.0332611 0.0362346 0.693357
0.500248 0.0339654 0.0385896 0.696463
0.503543 0.0346813 0.0410713 0.699726
0.506835 0.0354064 0.043481 0.702743
0.510125 0.0361401 0.0460243 0.705917
0.513412 0.0368853 0.0485004 0.708858
0.516696 0.0376437 0.0510855 0.71194
0.519977 0.0384154 0.0536096 0.714796
0.523255 0.0392014 0.0561488 0.717608
0.52653 0.0400026 0.0586127 0.72019
0.529803 0.0408144 0.0612108 0.722932
0.533072 0.0416403 0.0637448 0.72546
0.536338 0.0424804 0.0662827 0.727938
0.539601 0.0433302 0.0688412 0.730378
0.542862 0.044189 0.0714317 0.732787
0.546119 0.0450617 0.0739341 0.734979
0.549373 0.0459456 0.0764473 0.737131
0.552624 0.0468409 0.0789764 0.739248
0.555872 0.0477466 0.081426 0.741161
0.559117 0.0486636 0.0838946 0.743046
0.562359 0.0495932 0.0863979 0.744917
0.565597 0.0505355 0.0889034 0.74675
0.568832 0.0514874 0.0914309 0.74856
0.572064 0.0524456 0.0938645 0.750168
0.575293 0.0534127 0.0963225 0.751759
0.57852 0.0543866 0.0988239 0.753348
0.581743 0.0553694 0.10134 0.754908
0.584964 0.0563628 0.103865 0.756444
0.588182 0.0573659 0.106412 0.757965
0.591396 0.0583803 0.108845 0.759294
0.594606 0.0594089 0.111425 0.760788
0.597814 0.0604464 0.113915 0.762106
0.601017 0.0614986 0.116572 0.76361
0.604218 0.0625618 0.119254 0.765109
0.607415 0.0636336 0.121954 0.766597
0.610609 0.0647154 0.124657 0.768054
0.613799 0.0658058 0.127345 0.769469
0.616986 0.066905 0.130064 0.770885
0.62017 0.0680153 0.132831 0.772322
0.62335 0.0691385 0.135754 0.77392
0.626526 0.07027 0.138531 0.775313
0.629698 0.0714164 0.141446 0.776848
0.632866 0.0725717 0.144401 0.778393
0.63603 0.0737378 0.147361 0.779917
0.63919 0.0749149 0.150365 0.781456
0.642346 0.0761026 0.153386 0.78299
0.645498 0.0773003 0.156406 0.784499
0.648646 0.0785086 0.159538 0.786106
0.65179 0.0797273 0.162515 0.787521
0.654929 0.0809561 0.165667 0.789095
0.658064 0.0821951 0.168687 0.790504
0.661195 0.0834452 0.171867 0.792057
0.664321 0.0847078 0.174938 0.793475
0.667442 0.0859822 0.178174 0.79499
0.670557 0.0872768 0.181544 0.796624
0.673668 0.0885805 0.184772 0.798091
0.676775 0.0898916 0.188019 0.799553
0.679878 0.0912127 0.191095 0.800839
0.682977 0.0925411 0.194358 0.802282
0.686072 0.0938781 0.197471 0.803576
0.689162 0.0952235 0.200608 0.804877
0.692249 0.0965758 0.203742 0.806155
0.695331 0.0979381 0.206864 0.807412
0.698409 0.0993087 0.209836 0.808533
0.701482 0.100688 0.212794 0.809638
0.704552 0.102074 0.215754 0.810731
0.707619 0.103471 0.218739 0.811842
0.71068 0.104877 0.22159 0.812845
0.713738 0.106296 0.224558 0.813944
0.71679 0.107725 0.227361 0.814903
0.719838 0.109168 0.230171 0.815875
0.722882 0.110618 0.232992 0.816862
0.725922 0.112076 0.235838 0.817864
0.728958 0.113544 0.238476 0.818706
0.731991 0.115019 0.241244 0.819645
0.735019 0.116503 0.244048 0.820615
0.738042 0.117995 0.246736 0.821508
0.741062 0.119497 0.249556 0.822495
0.744076 0.121008 0.252379 0.823483
0.747087 0.122525 0.25525 0.824508
0.750095 0.12405 0.258089 0.825508
0.753098 0.125586 0.260938 0.826523
0.756097 0.127131 0.263803 0.827547
0.759091 0.128683 0.266784 0.828635
0.76208 0.130244 0.269737 0.829694
0.765064 0.131815 0.272681 0.830745
0.768043 0.133394 0.275653 0.831814
0.771017 0.134987 0.278813 0.833005
0.773985 0.136588 0.281975 0.834192
0.776948 0.138201 0.28532 0.835485
0.779907 0.139823 0.288486 0.836665
0.782859 0.141456 0.29182 0.837929
0.785805 0.1431 0.295349 0.839301
0.788746 0.144755 0.298703 0.840568
0.79168 0.14642 0.302215 0.841905
0.794608 0.148096 0.305722 0.843228
0.79753 0.149785 0.309388 0.84462
0.800444 0.151484 0.313069 0.846006
0.803353 0.153193 0.316733 0.847365
0.806255 0.154909 0.320387 0.848699
0.809153 0.15663 0.324211 0.850085
0.812044 0.158359 0.328046 0.851461
0.814928 0.160098 0.331894 0.852833
0.817805 0.16185 0.335571 0.854072
0.820675 0.163614 0.339196 0.85526
0.823537 0.165389 0.343035 0.856542
0.826391 0.167178 0.346881 0.85782
0.829239 0.168978 0.350712 0.859069
0.832078 0.170792 0.354369 0.860237
0.83491 0.172616 0.358197 0.861456
0.837734 0.174454 0.362185 0.862718
0.84055 0.176303 0.366011 0.863911
0.843359 0.178167 0.369798 0.865061
0.84616 0.18004 0.373581 0.866192
0.848954 0.181922 0.377544 0.867375
0.851742 0.183815 0.381363 0.868511
0.854524 0.185721 0.385361 0.869701
0.857298 0.187636 0.389161 0.870798
0.860064 0.189563 0.393135 0.871944
0.862822 0.191503 0.396905 0.873002
0.865573 0.193453 0.400903 0.874148
0.868316 0.195414 0.404908 0.87529
0.871053 0.197384 0.408719 0.876355
0.873782 0.199364 0.412714 0.877467
0.876506 0.201353 0.416701 0.878562
0.879222 0.203351 0.420699 0.879652
0.88193 0.205361 0.424475 0.880646
0.88463 0.207381 0.42846 0.881717
0.887323 0.209411 0.432463 0.882793
0.890011 0.211446 0.436461 0.883849
0.892694 0.213485 0.440459 0.884892
0.895371 0.215532 0.444461 0.885922
0.898042 0.217586 0.448412 0.886898
0.900706 0.219649 0.452334 0.887838
0.903364 0.221721 0.456275 0.888787
0.906014 0.223801 0.460206 0.889715
0.908655 0.225895 0.464326 0.890692
0.911288 0.228003 0.468254 0.891612
0.913913 0.230126 0.472185 0.892528
0.916532 0.232257 0.476118 0.893436
0.919143 0.2344 0.480244 0.894389
0.921748 0.236551 0.48414 0.895242
0.924346 0.238709 0.488234 0.896135
0.926937 0.240872 0.492159 0.896987
0.92952 0.243045 0.496109 0.897846
0.932098 0.245223 0.500239 0.898726
0.934669 0.247406 0.504213 0.899571
0.937231 0.249597 0.508369 0.900444
0.939784 0.251798 0.512338 0.901258
0.942332 0.254003 0.516467 0.902065
0.944874 0.256214 0.520445 0.902838
0.947407 0.258434 0.524607 0.903643
0.949933 0.260663 0.528603 0.904404
0.952451 0.262899 0.532546 0.905103
0.954963 0.265141 0.536649 0.905795
0.957467 0.267391 0.540609 0.906473
0.959963 0.269649 0.544759 0.907173
0.962453 0.271915 0.548716 0.90781
0.964933 0.274191 0.552681 0.908446
0.967406 0.276477 0.556841 0.909099
0.969871 0.278775 0.560761 0.90966
0.972326 0.281085 0.564722 0.910246
0.974771 0.283408 0.56865 0.910789
0.977206 0.285742 0.57275 0.911337
0.979633 0.288084 0.576678 0.911848
0.982051 0.290436 0.58061 0.912345
0.98446 0.292797 0.584527 0.912809
0.98686 0.295167 0.588465 0.913269
0.989253 0.297545 0.592601 0.913745
0.991635 0.299932 0.596531 0.914145
0.994009 0.302329 0.600469 0.914533
0.996374 0.304733 0.604414 0.9149
0.998731 0.307145 0.608352 0.915235
1.00108 0.309564 0.612543 0.915621
1.00342 0.311993 0.616556 0.915966
1.00575 0.314433 0.620601 0.916326
1.00807 0.316881 0.624646 0.916653
1.01039 0.319337 0.62887 0.916966
1.01269 0.321803 0.632903 0.917235
1.01498 0.324284 0.63691 0.917463
1.01726 0.326773 0.641145 0.917728
1.01953 0.329271 0.645248 0.918013
1.0218 0.331777 0.649328 0.918254
1.02405 0.33429 0.65354 0.918427
1.02629 0.336812 0.657531 0.918538
1.02853 0.339341 0.661744 0.918677
1.03075 0.341876 0.665758 0.91877
1.03297 0.344417 0.669938 0.918829
1.03518 0.346966 0.674104 0.918856
1.03738 0.349523 0.67813 0.918903
1.03956 0.352086 0.682289 0.918887
1.04174 0.354659 0.686472 0.918867
1.04391 0.35724 0.690458 0.918816
1.04607 0.35983 0.694694 0.918814
1.04822 0.362425 0.69887 0.918717
1.05035 0.365028 0.702831 0.918565
1.05248 0.36764 0.707093 0.918513
1.0546 0.37026 0.711324 0.918414
1.05671 0.372891 0.715566 0.91829
1.05881 0.375532 0.719647 0.918195
1.0609 0.378176 0.72393 0.918075
1.06298 0.380825 0.728175 0.917884
1.06505 0.38348 0.732463 0.917727
1.06712 0.386141 0.736604 0.917592
1.06917 0.388809 0.740915 0.917423
1.07122 0.391483 0.7452 0.917203
1.07326 0.394163 0.749484 0.916961
1.07529 0.396848 0.753789 0.916739
1.07731 0.39954 0.758103 0.916514
1.07932 0.402237 0.762365 0.916218
1.08132 0.404941 0.766439 0.915916
1.08332 0.407649 0.770736 0.915639
1.08531 0.410361 0.775012 0.91532
1.08729 0.413078 0.779262 0.914965
1.08926 0.4158 0.783561 0.914654
1.09122 0.41853 0.787826 0.914291
1.09318 0.421268 0.792081 0.913914
1.09512 0.424011 0.796554 0.913526
1.09706 0.426764 0.800793 0.9131
1.09899 0.429523 0.805102 0.912746
1.10091 0.432292 0.809391 0.91236
1.10282 0.435069 0.813654 0.911934
1.10473 0.437849 0.818149 0.911538
1.10662 0.440644 0.822466 0.911178
1.10851 0.443446 0.826937 0.910746
1.11039 0.446252 0.831212 0.910309
1.11226 0.449065 0.835687 0.90988
1.11413 0.451883 0.839993 0.909488
1.11598 0.454706 0.844458 0.90903
1.11783 0.457533 0.84894 0.908589
1.11968 0.460362 0.853205 0.908108
1.12152 0.463195 0.857665 0.907622
1.12335 0.466033 0.862137 0.907156
1.12517 0.46887 0.866607 0.906669
1.12699 0.471708 0.871082 0.906179
1.12881 0.474551 0.875548 0.905667
1.13061 0.477399 0.879969 0.905102
1.13242 0.480251 0.884434 0.904587
1.13421 0.483106 0.888881 0.904055
1.136 0.485965 0.893517 0.903504
1.13778 0.48883 0.897929 0.902917
1.13956 0.491699 0.902373 0.902382
1.14133 0.494572 0.906845 0.901874
1.14309 0.497447 0.91125 0.901275
1.14485 0.500325 0.915824 0.900616
1.1466 0.503208 0.920278 0.900062
1.14835 0.506095 0.924703 0.899471
1.15009 0.508982 0.929116 0.898843
1.15183 0.511871 0.933734 0.898206
1.15356 0.514761 0.938196 0.897627
1.15529 0.517658 0.942694 0.897095
1.157 0.520561 0.947154 0.896509
1.15872 0.523469 0.95158 0.895885
1.16042 0.526382 0.956027 0.89526
1.16212 0.529299 0.960476 0.894645
1.16382 0.532217 0.964928 0.894052
1.1655 0.535139 0.969394 0.893455
1.16719 0.538063 0.97383 0.892794
1.16887 0.540989 0.978079 0.892141
1.17055 0.543915 0.982539 0.891517
1.17222 0.546843 0.986981 0.890865
1.17389 0.549775 0.991242 0.890228
1.17555 0.55271 0.995679 0.889563
1.1772 0.555646 0.999946 0.888932
1.17886 0.558582 1.0042 0.888266
1.18051 0.561521 1.00845 0.887584
1.18216 0.564462 1.01271 0.886913
1.1838 0.567407 1.01695 0.886202
1.18544 0.570353 1.02119 0.88552
1.18707 0.573301 1.02545 0.88485
1.1887 0.576254 1.02952 0.88419
1.19033 0.579208 1.03377 0.883471
1.19195 0.582163 1.03782 0.88271
1.19357 0.585124 1.04206 0.881973
1.19519 0.588086 1.04616 0.881352
1.1968 0.591045 1.05025 0.880679
1.19841 0.594006 1.05431 0.879927
1.20002 0.596968 1.05838 0.879196
1.20162 0.599931 1.06246 0.878445
1.20323 0.602894 1.06654 0.877699
1.20482 0.605861 1.07044 0.877
1.20642 0.608827 1.07452 0.876255
1.20801 0.611793 1.07861 0.875478
1.2096 0.614761 1.0825 0.874741
1.21119 0.617731 1.08659 0.873954
1.21277 0.620703 1.0905 0.873198
1.21435 0.623682 1.0944 0.872447
1.21593 0.626664 1.0985 0.871655
1.2175 0.629651 1.1024 0.870903
1.21906 0.632641 1.10631 0.870147
1.22063 0.635632 1.11022 0.869368
1.22219 0.638625 1.11412 0.868585
1.22374 0.641621 1.11802 0.867789
1.22529 0.644615 1.12193 0.867011
1.22684 0.647613 1.12565 0.866254
1.22839 0.65061 1.12955 0.865419
1.22994 0.653605 1.13346 0.864587
1.23149 0.656602 1.13737 0.863796
1.23303 0.659603 1.14108 0.863003
1.23457 0.662604 1.14479 0.86218
1.23611 0.665605 1.14871 0.861337
1.23764 0.668613 1.15244 0.860549
1.23918 0.671616 1.15618 0.859736
1.24072 0.674618 1.1599 0.858904
1.24225 0.677621 1.16362 0.858086
1.24379 0.680625 1.16735 0.857243
1.24532 0.68363 1.17108 0.856376
1.24684 0.686639 1.17463 0.855584
1.24836 0.689651 1.17836 0.854752
1.24989 0.692661 1.18191 0.853933
1.2514 0.695675 1.18546 0.85314
1.25292 0.698687 1.189 0.852311
1.25444 0.701703 1.19236 0.851521
1.25594 0.704724 1.1959 0.85075
1.25745 0.707746 1.19927 0.849982
1.25895 0.710769 1.20262 0.849169
1.26044 0.713795 1.20579 0.848419
1.26195 0.716815 1.20916 0.847648
1.26345 0.719836 1.21233 0.846927
1.26494 0.72286 1.21551 0.846181
1.26644 0.725882 1.21868 0.845426
1.26793 0.728906 1.22168 0.844729
1.26942 0.731931 1.22466 0.844046
1.27091 0.734954 1.22766 0.843331
1.2724 0.737971 1.23065 0.842604
1.2739 0.740986 1.23346 0.84192
1.27539 0.743995 1.23626 0.841245
1.27689 0.747002 1.23907 0.84059
1.27838 0.750014 1.24169 0.839961
1.27987 0.753031 1.24431 0.839311
1.28136 0.756043 1.24694 0.838676
1.28285 0.75906 1.24955 0.838066
1.28434 0.762078 1.25217 0.837441
1.28583 0.765093 1.2546 0.83685
1.28732 0.768109 1.25703 0.836269
1.2888 0.771126 1.25946 0.835696
1.29029 0.774142 1.2617 0.835159
1.29177 0.777158 1.26411 0.834559
1.29325 0.780178 1.26607 0.834015
1.29473 0.783199 1.26809 0.833391
1.29621 0.78622 1.26962 0.832816
1.29769 0.789242 1.2709 0.832223
1.29917 0.792265 1.27184 0.831743
1.30066 0.795285 1.27274 0.831389
1.30216 0.7983 1.27368 0.831236
1.30368 0.801312 1.27454 0.831445
1.30522 0.804313 1.27532 0.832076
1.3068 0.807294 1.27602 0.833156
1.3084 0.810262 1.27673 0.834621
1.31003 0.813216 1.27722 0.836526
1.31168 0.816156 1.27749 0.838795
1.31334 0.819088 1.27787 0.8415
1.31505 0.821992 1.31505 0.821992
