-0.505114 0.387868 0
-0.505114 0.387868 0

-0.504032 0.384673 0
-0.504295 0.387835 0.00032574

-0.502939 0.381481 0
-0.504151 0.387669 0.000361014

-0.501834 0.378293 0
-0.504036 0.387407 0.000371023

-0.500716 0.37511 0
-0.504029 0.38706 0.000325225

-0.499587 0.371931 0
-0.505343 0.386258 0.00717864

-0.498445 0.368757 0
-0.506191 0.385549 0.0140202

-0.49729 0.365587 0
-0.506499 0.38492 0.0189009

-0.496124 0.362422 0
-0.506737 0.384305 0.0229874

-0.494945 0.359261 0
-0.506895 0.383693 0.0266855

-0.493753 0.356105 0
-0.507011 0.383082 0.030186

-0.492549 0.352953 0
-0.507092 0.382478 0.033495

-0.491333 0.349807 0
-0.507176 0.38188 0.0366057

-0.490103 0.346665 0
-0.507273 0.381293 0.0397169

-0.488861 0.343529 0
-0.507323 0.38072 0.0428588

-0.487605 0.340397 0
-0.507319 0.38017 0.0458459

-0.486337 0.337271 0
-0.507373 0.37964 0.0488326

-0.485055 0.33415 0
-0.507402 0.379137 0.0518577

-0.483759 0.331035 0
-0.507425 0.378662 0.0549173

-0.482451 0.327925 0
-0.507458 0.37822 0.0580097

-0.481128 0.32482 0
-0.50744 0.377815 0.0609697

-0.479792 0.321721 0
-0.507503 0.377444 0.0641328

-0.478442 0.318628 0
-0.507502 0.377116 0.0671745

-0.477078 0.315542 0
-0.507517 0.376828 0.0704512

-0.475699 0.312461 0
-0.507574 0.376584 0.0735683

-0.474306 0.309386 0
-0.507624 0.376386 0.0767417

-0.472898 0.306318 0
-0.507679 0.376231 0.0801602

-0.471476 0.303256 0
-0.507701 0.376128 0.0834536

-0.470039 0.300202 0
-0.507818 0.376067 0.0869582

-0.468586 0.297154 0
-0.50788 0.376061 0.0903492

-0.467118 0.294113 0
-0.507875 0.376102 0.0940193

-0.465635 0.291079 0
-0.507915 0.376192 0.0977296

-0.464136 0.288053 0
-0.508043 0.376328 0.101463

-0.46262 0.285035 0
-0.508154 0.376515 0.105261

-0.461089 0.282024 0
-0.508211 0.376754 0.10914

-0.459542 0.279022 0
-0.508289 0.377035 0.113263

-0.457977 0.276028 0
-0.508361 0.377371 0.117251

-0.456396 0.273043 0
-0.50847 0.377748 0.121477

-0.454798 0.270067 0
-0.508549 0.378173 0.125771

-0.453183 0.267099 0
-0.508661 0.378643 0.130107

-0.451551 0.264142 0
-0.508717 0.379153 0.134715

-0.4499 0.261194 0
-0.508771 0.379707 0.139377

-0.448232 0.258256 0
-0.508833 0.380303 0.144088

-0.446546 0.255328 0
-0.508876 0.380942 0.148857

-0.444841 0.252411 0
-0.508913 0.381613 0.153873

-0.443118 0.249505 0
-0.508938 0.382323 0.158941

-0.441377 0.24661 0
-0.508901 0.383074 0.164081

-0.439616 0.243726 0
-0.508857 0.383851 0.169462

-0.437836 0.240855 0
-0.508801 0.384664 0.17489

-0.436037 0.237995 0
-0.508719 0.385511 0.180369

-0.434219 0.235148 0
-0.508569 0.386383 0.186108

-0.432381 0.232313 0
-0.508419 0.387285 0.191884

-0.430523 0.229492 0
-0.508237 0.388207 0.1979

-0.428646 0.226684 0
-0.508009 0.389157 0.203967

-0.426748 0.223889 0
-0.507734 0.390137 0.210082

-0.42483 0.221108 0
-0.507367 0.391133 0.216455

-0.422892 0.218342 0
-0.506994 0.392155 0.222853

-0.420934 0.21559 0
-0.506628 0.393199 0.229269

-0.418955 0.212852 0
-0.506147 0.394258 0.235944

-0.416956 0.210129 0
-0.505618 0.395338 0.242654

-0.414937 0.207422 0
-0.505 0.39643 0.249606

-0.412897 0.204729 0
-0.504383 0.397542 0.256566

-0.410837 0.202053 0
-0.50375 0.39867 0.26354

-0.408756 0.199392 0
-0.502994 0.39981 0.270759

-0.406655 0.196747 0
-0.502127 0.400969 0.278022

-0.404534 0.194118 0
-0.501262 0.402142 0.285284

-0.402392 0.191505 0
-0.500299 0.403332 0.29258

-0.400231 0.188909 0
-0.499393 0.404534 0.299844

-0.39805 0.186329 0
-0.498375 0.40574 0.307332

-0.395848 0.183766 0
-0.497286 0.40697 0.314645

-0.393628 0.18122 0
-0.496135 0.408202 0.322154

-0.391388 0.178691 0
-0.495034 0.409448 0.329437

-0.389128 0.176178 0
-0.493864 0.410704 0.336724

-0.38685 0.173683 0
-0.492672 0.411966 0.343997

-0.384554 0.171204 0
-0.4914 0.413234 0.351274

-0.382238 0.168743 0
-0.490088 0.414506 0.358536

-0.379905 0.166298 0
-0.488815 0.415785 0.365567

-0.377554 0.163871 0
-0.487464 0.417058 0.372777

-0.375185 0.16146 0
-0.486166 0.418342 0.379564

-0.372799 0.159067 0
-0.484798 0.419616 0.386523

-0.370396 0.156691 0
-0.483447 0.420891 0.393254

-0.367976 0.154332 0
-0.482058 0.422161 0.399956

-0.36554 0.15199 0
-0.4807 0.423426 0.406423

-0.363088 0.149664 0
-0.47931 0.424682 0.412857

-0.36062 0.147356 0
-0.4779 0.425928 0.419252

-0.358137 0.145064 0
-0.476513 0.427165 0.425414

-0.355638 0.142789 0
-0.475116 0.428389 0.431528

-0.353125 0.140531 0
-0.473662 0.4296 0.437612

-0.350598 0.13829 0
-0.472272 0.430796 0.443445

-0.348056 0.136065 0
-0.470843 0.431977 0.449239

-0.3455 0.133856 0
-0.46938 0.433141 0.454992

-0.342931 0.131663 0
-0.467954 0.434288 0.460503

-0.340349 0.129487 0
-0.466515 0.435415 0.465963

-0.337753 0.127327 0
-0.465066 0.436522 0.471367

-0.335145 0.125183 0
-0.463642 0.437609 0.476536

-0.332524 0.123055 0
-0.462198 0.438674 0.481654

-0.329891 0.120942 0
-0.460726 0.439718 0.486722

-0.327246 0.118845 0
-0.459323 0.440738 0.491538

-0.324589 0.116764 0
-0.457784 0.441736 0.49651

-0.32192 0.114698 0
-0.456308 0.44271 0.501232

-0.31924 0.112647 0
-0.454818 0.443659 0.505897

-0.316549 0.110612 0
-0.453383 0.444583 0.510318

-0.313847 0.108591 0
-0.451829 0.445483 0.514881

-0.311133 0.106586 0
-0.450342 0.446356 0.519196

-0.308409 0.104595 0
-0.448837 0.447203 0.523455

-0.305675 0.102619 0
-0.447407 0.448023 0.527466

-0.302929 0.100657 0
-0.44584 0.448819 0.531619

-0.300174 0.0987103 0
-0.444344 0.449587 0.535527

-0.297408 0.0967779 0
-0.442715 0.450332 0.539576

-0.294631 0.0948599 0
-0.441165 0.451048 0.543377

-0.291845 0.0929563 0
-0.43959 0.451737 0.547124

-0.289049 0.091067 0
-0.437995 0.4524 0.550815

-0.286242 0.089192 0
-0.436485 0.453031 0.554262

-0.283426 0.0873313 0
-0.434825 0.453643 0.557847

-0.2806 0.085485 0
-0.433134 0.454229 0.561381

-0.277764 0.083653 0
-0.431534 0.454784 0.56467

-0.274918 0.0818354 0
-0.429792 0.455318 0.568096

-0.272063 0.0800322 0
-0.428142 0.455821 0.57128

-0.269198 0.0782436 0
-0.426463 0.456299 0.574412

-0.266323 0.0764697 0
-0.424628 0.456759 0.57768

-0.263439 0.0747105 0
-0.422883 0.457188 0.580711

-0.260545 0.0729663 0
-0.42099 0.4576 0.583875

-0.257641 0.0712372 0
-0.41919 0.457981 0.586804

-0.254728 0.0695234 0
-0.417232 0.458346 0.589868

-0.251806 0.0678252 0
-0.415238 0.458689 0.592883

-0.248873 0.0661429 0
-0.413211 0.459012 0.595845

-0.245932 0.0644766 0
-0.411155 0.459312 0.598756

-0.24298 0.0628268 0
-0.409069 0.459591 0.601616

-0.24002 0.0611937 0
-0.406949 0.45985 0.604428

-0.237049 0.0595778 0
-0.404659 0.460101 0.607374

-0.23407 0.0579793 0
-0.402332 0.460332 0.610271

-0.23108 0.0563988 0
-0.399974 0.460546 0.613116

-0.228081 0.0548365 0
-0.397585 0.460743 0.615909

-0.225073 0.053293 0
-0.39516 0.460923 0.618653

-0.222055 0.0517687 0
-0.392559 0.461102 0.621525

-0.219028 0.0502638 0
-0.389921 0.461267 0.624348

-0.215991 0.048779 0
-0.387253 0.461418 0.627119

-0.212944 0.0473146 0
-0.384555 0.461554 0.629837

-0.209888 0.045871 0
-0.381821 0.461679 0.632507

-0.206823 0.0444486 0
-0.378914 0.461809 0.635295

-0.203748 0.0430478 0
-0.376117 0.461909 0.637864

-0.200664 0.0416691 0
-0.373142 0.462018 0.640551

-0.19757 0.0403128 0
-0.370134 0.462117 0.643186

-0.194467 0.0389792 0
-0.367088 0.462208 0.645772

-0.191355 0.0376686 0
-0.363866 0.462312 0.648468

-0.188234 0.0363815 0
-0.36076 0.462387 0.65095

-0.185103 0.0351179 0
-0.357476 0.462478 0.653539

-0.181964 0.0338783 0
-0.354312 0.462538 0.655917

-0.178815 0.0326628 0
-0.350973 0.462616 0.658398

-0.175658 0.0314716 0
-0.347754 0.462665 0.660671

-0.172491 0.0303048 0
-0.344355 0.462734 0.663048

-0.169317 0.0291625 0
-0.341092 0.462771 0.665216

-0.166133 0.0280448 0
-0.337636 0.46283 0.667488

-0.162941 0.0269517 0
-0.334307 0.462859 0.669559

-0.159741 0.0258831 0
-0.330808 0.462912 0.671722

-0.156533 0.0248389 0
-0.327439 0.462932 0.673688

-0.153317 0.0238192 0
-0.32405 0.462949 0.675603

-0.150094 0.0228235 0
-0.320816 0.462932 0.677319

-0.146863 0.0218519 0
-0.317386 0.462941 0.679135

-0.143624 0.020904 0
-0.314089 0.462918 0.680767

-0.140379 0.0199797 0
-0.310792 0.46289 0.682345

-0.137126 0.0190786 0
-0.307478 0.46286 0.683877

-0.133867 0.0182005 0
-0.304138 0.462827 0.685368

-0.130601 0.0173451 0
-0.300942 0.462759 0.686684

-0.12733 0.0165121 0
-0.297739 0.462689 0.687956

-0.124052 0.0157012 0
-0.294528 0.462615 0.689185

-0.120768 0.014912 0
-0.291468 0.462505 0.69025

-0.117479 0.0141443 0
-0.288397 0.462393 0.691277

-0.114185 0.0133978 0
-0.285292 0.46228 0.692272

-0.110885 0.0126722 0
-0.282195 0.462166 0.693224

-0.107581 0.0119672 0
-0.279083 0.462049 0.694143

-0.104272 0.0112825 0
-0.276126 0.461897 0.694912

-0.100958 0.0106179 0
-0.273159 0.461743 0.695653

-0.0976409 0.00997328 0
-0.270155 0.46159 0.696374

-0.0943194 0.00934834 0
-0.267149 0.461437 0.697056

-0.0909942 0.00874298 0
-0.264138 0.461284 0.697709

-0.0876654 0.00815707 0
-0.261124 0.461131 0.698332

-0.0843332 0.00759055 0
-0.258283 0.460942 0.69882

-0.0809979 0.00704337 0
-0.255248 0.460792 0.69939

-0.0776596 0.00651556 0
-0.252367 0.460606 0.699831

-0.0743184 0.00600713 0
-0.249277 0.46046 0.700364

-0.0709746 0.00551816 0
-0.246173 0.460317 0.700875

-0.0676283 0.00504875 0
-0.243053 0.460177 0.701366

-0.0642796 0.00459901 0
-0.239935 0.46004 0.701821

-0.0609288 0.00416907 0
-0.236841 0.459905 0.702238

-0.0575758 0.0037591 0
-0.23372 0.459775 0.702641

-0.0542209 0.00336926 0
-0.230556 0.45965 0.703037

-0.0508642 0.00299972 0
-0.227192 0.459568 0.703506

-0.0475058 0.00265068 0
-0.224037 0.459451 0.703843

-0.0441458 0.00232231 0
-0.220696 0.459378 0.70424

-0.0407843 0.0020148 0
-0.217315 0.459311 0.704627

-0.0374215 0.00172833 0
-0.213939 0.459249 0.704984

-0.0340575 0.00146308 0
-0.210512 0.459195 0.705334

-0.0306923 0.00121921 0
-0.207064 0.459146 0.705668

-0.0273261 0.00099687 0
-0.203622 0.459105 0.705974

-0.0239589 0.00079619 0
-0.200032 0.459107 0.706308

-0.0205908 0.00061729 0
-0.196658 0.459076 0.706525

-0.0172219 0.00046025 0
-0.193053 0.459093 0.706808

-0.0138524 0.00032513 0
-0.189629 0.459076 0.706995

-0.0104823 0.00021196 0
-0.185997 0.459108 0.707235

-0.00711169 0.00012073 0
-0.182521 0.459108 0.707395

-0.00374063 5.14e-05 0
-0.17904 0.459116 0.707534

-0.00036922 3.88e-06 0
-0.175412 0.459171 0.707695

0.00300245 -2.193e-05 0
-0.171977 0.459194 0.707763

0.00637431 -2.618e-05 0
-0.168535 0.459225 0.707812

0.00974626 -9.05e-06 0
-0.165327 0.459224 0.707767

0.0131182 2.928e-05 0
-0.161878 0.459272 0.707781

0.0164902 8.859e-05 0
-0.158614 0.459289 0.707725

0.0198619 0.00016865 0
-0.155333 0.459316 0.70766

0.0232335 0.00026921 0
-0.152056 0.459352 0.707572

0.0266047 0.00039004 0
-0.148801 0.459397 0.70746

0.0299755 0.00053086 0
-0.145754 0.45941 0.707285

0.0333458 0.00069143 0
-0.142715 0.459433 0.707098

0.0367156 0.00087148 0
-0.139672 0.459465 0.706894

0.0400846 0.00107077 0
-0.136615 0.459508 0.706686

0.0434529 0.00128906 0
-0.13374 0.459521 0.706438

0.0468202 0.00152611 0
-0.130698 0.459582 0.706211

0.0501866 0.00178171 0
-0.127864 0.459614 0.705924

0.0535519 0.00205567 0
-0.125033 0.459655 0.705634

0.056916 0.00234782 0
-0.12218 0.459708 0.70535

0.0602787 0.00265802 0
-0.119305 0.459771 0.705066

0.0636399 0.00298614 0
-0.116689 0.459803 0.704718

0.0669996 0.00333212 0
-0.113908 0.459884 0.704388

0.0703576 0.00369591 0
-0.111088 0.459976 0.704067

0.0737136 0.00407752 0
-0.108422 0.460041 0.70373

0.0770677 0.00447697 0
-0.1056 0.460154 0.703402

0.0804196 0.00489436 0
-0.10279 0.460277 0.703064

0.0837691 0.00532981 0
-0.099933 0.460412 0.702735

0.0871162 0.00578349 0
-0.0971066 0.460556 0.702394

0.0904606 0.00625559 0
-0.0942793 0.460711 0.702051

0.0938021 0.00674634 0
-0.0914291 0.460877 0.701705

0.0971407 0.00725597 0
-0.0884331 0.461091 0.701352

0.100476 0.00778477 0
-0.0854985 0.461313 0.70097

0.103808 0.00833301 0
-0.0825728 0.461544 0.700576

0.107136 0.008901 0
-0.0796198 0.461787 0.700182

0.110461 0.00948905 0
-0.0764463 0.462081 0.699801

0.113782 0.0100975 0
-0.0732909 0.462382 0.699405

0.117099 0.0107266 0
-0.0699326 0.462734 0.699008

0.120411 0.0113767 0
-0.0667891 0.463057 0.698587

0.123719 0.0120482 0
-0.0634527 0.463427 0.698154

0.127022 0.0127414 0
-0.0599134 0.463847 0.697711

0.13032 0.0134564 0
-0.0565686 0.464237 0.697257

0.133614 0.0141937 0
-0.0530725 0.464676 0.696771

0.136902 0.0149534 0
-0.0495771 0.465123 0.69627

0.140184 0.0157359 0
-0.0459041 0.465618 0.695741

0.143462 0.0165413 0
-0.0422474 0.466123 0.695187

0.146733 0.0173698 0
-0.0386088 0.466636 0.694609

0.149999 0.0182215 0
-0.034986 0.467158 0.69401

0.153258 0.0190967 0
-0.0312114 0.467728 0.693361

0.156511 0.0199952 0
-0.0274421 0.468306 0.692692

0.159758 0.0209172 0
-0.0236585 0.468894 0.69201

0.162999 0.0218627 0
-0.0198892 0.46949 0.691306

0.166233 0.0228315 0
-0.0161467 0.470094 0.690572

0.16946 0.0238237 0
-0.012181 0.470748 0.689811

0.17268 0.0248392 0
-0.00820035 0.471411 0.689037

0.175894 0.0258776 0
-0.00425486 0.472082 0.68823

0.1791 0.026939 0
-0.000509615 0.472721 0.687429

0.182299 0.0280231 0
0.00340219 0.473408 0.686574

0.185491 0.0291297 0
0.00747151 0.474143 0.685658

0.188675 0.0302586 0
0.0113628 0.474846 0.684759

0.191852 0.0314095 0
0.0152044 0.475556 0.683823

0.195022 0.0325822 0
0.0190141 0.476273 0.682859

0.198183 0.0337763 0
0.0229985 0.477038 0.681838

0.201337 0.0349916 0
0.0268277 0.477772 0.68085

0.204483 0.0362279 0
0.0308354 0.478554 0.679806

0.207621 0.0374848 0
0.0346235 0.479302 0.678772

0.210751 0.0387619 0
0.0385829 0.480098 0.677678

0.213873 0.0400591 0
0.0423393 0.480861 0.676602

0.216987 0.041376 0
0.0463004 0.481673 0.675477

0.220093 0.0427123 0
0.0502569 0.482491 0.674337

0.22319 0.0440678 0
0.0540169 0.483277 0.673223

0.226279 0.0454421 0
0.0579453 0.484108 0.672045

0.229359 0.046835 0
0.0618562 0.484947 0.670845

0.232431 0.0482462 0
0.0657443 0.485793 0.669623

0.235494 0.0496755 0
0.0694021 0.486602 0.66842

0.238548 0.0511227 0
0.073287 0.48746 0.667172

0.241594 0.0525876 0
0.0771723 0.488325 0.665912

0.244631 0.05407 0
0.0810444 0.489195 0.664634

0.247659 0.0555698 0
0.0849199 0.490073 0.663345

0.250678 0.0570868 0
0.0887647 0.490954 0.662032

0.253688 0.0586208 0
0.0925596 0.491841 0.660685

0.256689 0.0601719 0
0.0963036 0.492731 0.659305

0.259681 0.0617398 0
0.100069 0.493627 0.657924

0.262663 0.0633245 0
0.103802 0.494527 0.656516

0.265637 0.064926 0
0.107701 0.495475 0.655032

0.2686 0.0665441 0
0.111425 0.496385 0.653596

0.271555 0.0681789 0
0.115129 0.4973 0.65214

0.274499 0.0698303 0
0.118834 0.498218 0.650673

0.277434 0.0714984 0
0.122703 0.499184 0.649123

0.28036 0.073183 0
0.126335 0.500109 0.647599

0.283275 0.0748842 0
0.13013 0.501081 0.645992

0.28618 0.076602 0
0.133788 0.502014 0.644453

0.289076 0.0783365 0
0.137439 0.502951 0.642898

0.291961 0.0800876 0
0.141247 0.503933 0.641255

0.294836 0.0818553 0
0.144902 0.504877 0.639675

0.2977 0.0836398 0
0.148721 0.505867 0.638009

0.300554 0.0854411 0
0.152337 0.506815 0.636384

0.303397 0.0872591 0
0.156058 0.507807 0.634646

0.30623 0.089094 0
0.15961 0.508758 0.632966

0.309052 0.0909457 0
0.163358 0.509756 0.631209

0.311862 0.0928144 0
0.166921 0.510712 0.629504

0.314662 0.0947001 0
0.170416 0.511667 0.627757

0.31745 0.0966029 0
0.174022 0.512666 0.625894

0.320226 0.0985227 0
0.177507 0.513625 0.624113

0.322991 0.10046 0
0.18117 0.514629 0.622239

0.325744 0.102414 0
0.184629 0.515589 0.620414

0.328485 0.104385 0
0.188126 0.516551 0.618586

0.331214 0.106374 0
0.191747 0.517558 0.616645

0.33393 0.10838 0
0.195149 0.518519 0.614746

0.336634 0.110403 0
0.198593 0.519481 0.612849

0.339325 0.112444 0
0.201996 0.520443 0.610916

0.342003 0.114502 0
0.20554 0.521449 0.608873

0.344668 0.116578 0
0.208933 0.522412 0.606901

0.347319 0.118671 0
0.212326 0.523374 0.604912

0.349957 0.120781 0
0.215687 0.524335 0.60289

0.35258 0.122909 0
0.219043 0.525296 0.60085

0.35519 0.125054 0
0.222567 0.526303 0.598703

0.357785 0.127217 0
0.225839 0.52726 0.596591

0.360366 0.129397 0
0.229101 0.528217 0.594457

0.362932 0.131595 0
0.232349 0.529173 0.592298

0.365484 0.13381 0
0.235543 0.530128 0.5901

0.36802 0.136043 0
0.238935 0.531127 0.587803

0.37054 0.138293 0
0.24215 0.532079 0.585573

0.373046 0.14056 0
0.245407 0.533034 0.583342

0.375535 0.142845 0
0.248615 0.533985 0.581072

0.378008 0.145147 0
0.251928 0.534978 0.578663

0.380466 0.147466 0
0.255059 0.535926 0.576324

0.382907 0.149802 0
0.258123 0.536871 0.573938

0.385331 0.152155 0
0.261409 0.537861 0.57146

0.387739 0.154525 0
0.264636 0.53881 0.569103

0.39013 0.156913 0
0.267805 0.539755 0.566705

0.392504 0.159317 0
0.271019 0.540741 0.564137

0.39486 0.161737 0
0.274031 0.541679 0.561637

0.3972 0.164175 0
0.277253 0.542663 0.559035

0.399522 0.166629 0
0.2803 0.543601 0.556512

0.401827 0.169099 0
0.283449 0.544582 0.553842

0.404113 0.171586 0
0.28657 0.54556 0.551143

0.406383 0.174088 0
0.289627 0.546497 0.548572

0.408634 0.176607 0
0.292743 0.547474 0.545834

0.410867 0.179142 0
0.29585 0.548451 0.543073

0.413083 0.181692 0
0.298798 0.549383 0.540405

0.41528 0.184258 0
0.301972 0.550361 0.537639

0.41746 0.186839 0
0.304974 0.551332 0.534784

0.419621 0.189435 0
0.307741 0.552257 0.531995

0.421764 0.192046 0
0.310839 0.553232 0.529147

0.423889 0.194672 0
0.31387 0.554204 0.526257

0.425996 0.197313 0
0.316804 0.555174 0.52331

0.428085 0.199967 0
0.319711 0.556103 0.520516

0.430155 0.202637 0
0.322677 0.557074 0.517553

0.432207 0.20532 0
0.325502 0.55804 0.514518

0.434242 0.208017 0
0.328427 0.55901 0.511509

0.436257 0.210728 0
0.33126 0.559938 0.508632

0.438255 0.213452 0
0.334186 0.560908 0.505598

0.440235 0.216189 0
0.337005 0.561876 0.502507

0.442196 0.218939 0
0.339786 0.562844 0.499386

0.44414 0.221702 0
0.342669 0.563814 0.496296

0.446066 0.224477 0
0.345553 0.564787 0.493195

0.447973 0.227265 0
0.348304 0.565756 0.490028

0.449863 0.230065 0
0.350909 0.566682 0.486976

0.451735 0.232877 0
0.353738 0.567656 0.48382

0.453589 0.235701 0
0.356487 0.568628 0.480621

0.455425 0.238536 0
0.359192 0.5696 0.477394

0.457244 0.241382 0
0.362 0.570577 0.4742

0.459045 0.244239 0
0.364688 0.571551 0.470948

0.460828 0.247108 0
0.367351 0.572526 0.467678

0.462594 0.249987 0
0.370099 0.573545 0.464245

0.464343 0.252876 0
0.372623 0.574519 0.460902

0.466074 0.255776 0
0.375307 0.575499 0.457616

0.467788 0.258686 0
0.377912 0.576479 0.454291

0.469485 0.261606 0
0.380404 0.577457 0.450913

0.471164 0.264536 0
0.383123 0.578484 0.447431

0.472827 0.267475 0
0.385768 0.579471 0.444104

0.474473 0.270424 0
0.388361 0.580498 0.440558

0.476102 0.273381 0
0.390804 0.581481 0.437136

0.477714 0.276348 0
0.393435 0.582514 0.433594

0.479309 0.279324 0
0.396008 0.583505 0.430215

0.480888 0.282308 0
0.398561 0.584539 0.426632

0.48245 0.285301 0
0.401155 0.585576 0.423061

0.483996 0.288303 0
0.403501 0.586566 0.419576

0.485525 0.291312 0
0.405996 0.587604 0.415956

0.487039 0.29433 0
0.408553 0.588645 0.412357

0.488536 0.297355 0
0.411069 0.589687 0.408738

0.490017 0.300389 0
0.413569 0.590731 0.405109

0.491482 0.30343 0
0.416011 0.591774 0.401452

0.492931 0.306478 0
0.418335 0.592815 0.397743

0.494365 0.309534 0
0.42077 0.593861 0.394078

0.495783 0.312597 0
0.423196 0.594909 0.390405

0.497186 0.315666 0
0.42572 0.596002 0.386576

0.498573 0.318743 0
0.427998 0.597048 0.382837

0.499945 0.321827 0
0.430415 0.5981 0.379152

0.501301 0.324917 0
0.432882 0.599154 0.375485

0.502643 0.328013 0
0.435147 0.600203 0.371734

0.50397 0.331116 0
0.43739 0.601293 0.367775

0.505282 0.334225 0
0.43973 0.602346 0.364049

0.506579 0.337341 0
0.441977 0.603397 0.360282

0.507862 0.340462 0
0.444118 0.604445 0.35647

0.509131 0.343589 0
0.446386 0.605538 0.352512

0.510385 0.346721 0
0.448659 0.606591 0.348749

0.511625 0.34986 0
0.45103 0.607648 0.345023

0.512851 0.353003 0
0.453261 0.608699 0.341238

0.514064 0.356152 0
0.455393 0.609748 0.337409

0.515262 0.359307 0
0.457475 0.610795 0.333559

0.516448 0.362466 0
0.459604 0.611843 0.329724

0.51762 0.36563 0
0.461834 0.612893 0.325929

0.518778 0.368799 0
0.464019 0.613942 0.322112

0.519924 0.371973 0
0.466021 0.614984 0.318218

0.521056 0.375152 0
0.467875 0.615979 0.314457

0.522176 0.378335 0
0.470018 0.617023 0.310615

0.523283 0.381522 0
0.472094 0.618064 0.306743

0.524378 0.384714 0
0.474038 0.619057 0.303011

0.525461 0.38791 0
0.476093 0.620095 0.299125

0.526531 0.39111 0
0.478074 0.621087 0.295402

0.527589 0.394314 0
0.47996 0.622075 0.291638

0.528635 0.397521 0
0.481821 0.623059 0.287861

0.52967 0.400733 0
0.483711 0.624043 0.284092

0.530693 0.403949 0
0.485492 0.625021 0.280275

0.531705 0.407168 0
0.487393 0.626001 0.276504

0.532705 0.41039 0
0.489343 0.62698 0.27275

0.533694 0.413616 0
0.491137 0.627911 0.269127

0.534672 0.416845 0
0.49292 0.628879 0.265299

0.535639 0.420078 0
0.494393 0.629795 0.261538

0.536595 0.423314 0
0.496152 0.630757 0.257692

0.537541 0.426553 0
0.498125 0.631683 0.254129

0.538476 0.429795 0
0.499942 0.632602 0.250499

0.5394 0.433039 0
0.501518 0.633509 0.246766

0.540315 0.436287 0
0.503165 0.634416 0.243059

0.541219 0.439538 0
0.504748 0.635318 0.239323

0.542113 0.442791 0
0.506387 0.636218 0.235605

0.542997 0.446047 0
0.508007 0.637075 0.232076

0.543871 0.449306 0
0.509682 0.63797 0.228366

0.544736 0.452567 0
0.511258 0.638858 0.224613

0.54559 0.45583 0
0.512809 0.639704 0.221045

0.546435 0.459096 0
0.51437 0.640584 0.217277

0.547271 0.462365 0
0.515858 0.641421 0.213676

0.548097 0.465636 0
0.51736 0.642254 0.210078

0.548914 0.468909 0
0.518932 0.643124 0.206304

0.549722 0.472184 0
0.520447 0.643951 0.202704

0.550521 0.475461 0
0.521951 0.644774 0.199096

0.55131 0.478741 0
0.523384 0.645592 0.195456

0.552091 0.482023 0
0.524834 0.646406 0.191819

0.552863 0.485306 0
0.526239 0.647216 0.188161

0.553626 0.488592 0
0.527736 0.648025 0.184537

0.55438 0.49188 0
0.529123 0.648791 0.181067

0.555126 0.495169 0
0.530439 0.649587 0.177363

0.555864 0.49846 0
0.531805 0.650382 0.173677

0.556592 0.501754 0
0.533336 0.651179 0.170055

0.557313 0.505049 0
0.534669 0.651929 0.166551

0.558026 0.508345 0
0.535899 0.652673 0.163003

0.55873 0.511644 0
0.537261 0.653455 0.159304

0.559426 0.514944 0
0.538617 0.654198 0.155801

0.560115 0.518245 0
0.539914 0.654935 0.152273

0.560796 0.521549 0
0.541171 0.655669 0.148727

0.561469 0.524853 0
0.542498 0.656402 0.145207

0.562134 0.52816 0
0.543737 0.657129 0.141649

0.562792 0.531467 0
0.544893 0.657851 0.138055

0.563443 0.534777 0
0.546099 0.658538 0.134683

0.564087 0.538087 0
0.547373 0.659259 0.131135

0.564723 0.541399 0
0.548501 0.659939 0.127728

0.565353 0.544712 0
0.549727 0.66062 0.124361

0.565976 0.548027 0
0.55083 0.661295 0.120942

0.566592 0.551343 0
0.551868 0.661932 0.117698

0.567202 0.55466 0
0.553177 0.66261 0.114362

0.567805 0.557978 0
0.554261 0.663246 0.111136

0.568402 0.561297 0
0.555173 0.663875 0.10784

0.568993 0.564617 0
0.556107 0.66447 0.104755

0.569578 0.567939 0
0.557212 0.665103 0.101537

0.570158 0.571261 0
0.558302 0.665702 0.0985165

0.570731 0.574585 0
0.559268 0.666296 0.0954452

0.571299 0.577909 0
0.560205 0.666888 0.0923625

0.571862 0.581235 0
0.561131 0.667447 0.0894785

0.57242 0.584561 0
0.562118 0.668008 0.0866205

0.572972 0.587888 0
0.562978 0.668565 0.0837116

0.57352 0.591216 0
0.563817 0.669121 0.0807946

0.574062 0.594545 0
0.564617 0.669643 0.0780655

0.5746 0.597875 0
0.565466 0.670168 0.075358

0.575133 0.601205 0
0.566411 0.670696 0.0726904

0.575662 0.604536 0
0.567202 0.671188 0.0701643

0.576186 0.607868 0
0.567865 0.671676 0.0675876

0.576705 0.6112 0
0.568607 0.672167 0.0650444

0.577221 0.614534 0
0.569443 0.672663 0.0625407

0.577732 0.617867 0
0.570198 0.673157 0.0600058

0.57824 0.621202 0
0.570874 0.673617 0.0576429

0.578743 0.624537 0
0.571582 0.674079 0.0552945

0.579242 0.627872 0
0.572305 0.674542 0.0529537

0.579738 0.631209 0
0.572943 0.674972 0.0507831

0.580229 0.634545 0
0.573594 0.675434 0.048416

0.580716 0.637877 0
0.574121 0.675829 0.0464056

0.581197 0.641195 0
0.574791 0.676262 0.0442524

0.58167 0.644483 0
0.575441 0.676629 0.0424984

0.582132 0.647717 0
0.575929 0.676959 0.040883

0.58258 0.65087 0
0.576354 0.677223 0.0396502

0.583009 0.653914 0
0.576708 0.677451 0.0385934

0.583416 0.65682 0
0.576936 0.677641 0.03769

0.583798 0.659563 0
0.577093 0.677762 0.0371656

0.584152 0.662126 0
0.577151 0.677813 0.0370086

0.584479 0.664495 0
0.577104 0.677792 0.0372161

0.584776 0.666664 0
0.576954 0.677733 0.0375837

0.585044 0.668634 0
0.576797 0.677605 0.0383536

0.585285 0.67041 0
0.576333 0.677399 0.0394021

0.5855 0.672002 0
0.575016 0.677131 0.0403006

0.587139 0.68466 0
0.587139 0.68466 0

