0 0 0 0
0.00337151 0 -2.30022e-05 2.07854e-19
0.00674287 2.29608e-05 -2.93329e-05 -4.18259e-05
0.0101136 9.17171e-05 7.10747e-05 -0.000181457
0.0134839 0.000183345 0.000136764 -0.000179311
0.0168542 0.000274077 -0.000110408 0.00710656
0.0202245 0.000363127 -0.000373069 0.0142708
0.0235949 0.000449523 -0.000533943 0.0193424
0.0269654 0.000531845 -0.00064093 0.0236595
0.030336 0.000610518 -0.000744077 0.0275701
0.0337066 0.000688003 -0.000836291 0.0312904
0.0370773 0.000763333 -0.000886963 0.0348548
0.0404481 0.000832807 -0.00094076 0.038213
0.0438189 0.000903384 -0.00101161 0.0415585
0.0471898 0.000969013 -0.00109136 0.044896
0.0505607 0.00103304 -0.00110707 0.0481117
0.0539316 0.00109298 -0.00112749 0.0513268
0.0573027 0.00114868 -0.00128961 0.0543929
0.0606737 0.00120762 -0.00133957 0.0575977
0.0640448 0.00126204 -0.00133019 0.0608746
0.0674159 0.00131103 -0.0013168 0.0639658
0.0707871 0.00135414 -0.00146954 0.0670786
0.0741584 0.00139909 -0.0016286 0.0700024
0.0775296 0.00144702 -0.00180753 0.0731166
0.0809007 0.00149505 -0.00186264 0.0761838
0.0842719 0.00153755 -0.00178915 0.0794018
0.0876433 0.00156887 -0.00172487 0.0828064
0.0910147 0.00159731 -0.00183029 0.0858371
0.0943862 0.00161733 -0.00198101 0.0890156
0.0977576 0.00164522 -0.00213813 0.0920115
0.101129 0.00167132 -0.00230042 0.0952041
0.1045 0.00169804 -0.00246602 0.0984031
0.107872 0.00172423 -0.0026333 0.101608
0.111243 0.00175422 -0.00280477 0.104819
0.114615 0.00177829 -0.00299279 0.108013
0.117986 0.00180392 -0.00289759 0.111719
0.121357 0.00182437 -0.002958 0.115059
0.124729 0.00183688 -0.00306539 0.118535
0.128101 0.00184368 -0.00316358 0.122018
0.131472 0.00185861 -0.00324914 0.125523
0.134843 0.00187484 -0.00332452 0.129231
0.138215 0.00187583 -0.00338978 0.132932
0.141587 0.00188206 -0.00343856 0.136654
0.144958 0.00188485 -0.00347195 0.140384
0.148329 0.00189781 -0.00350551 0.144308
0.151701 0.00189701 -0.00352234 0.148229
0.155072 0.0019006 -0.00352257 0.152164
0.158444 0.00190049 -0.0034986 0.1563
0.161816 0.00189609 -0.00343921 0.160458
0.165187 0.0018927 -0.00336144 0.164625
0.168558 0.00189707 -0.00325211 0.169006
0.17193 0.00189625 -0.00318398 0.173327
0.175302 0.00188894 -0.00341624 0.177507
0.178673 0.0018926 -0.00368961 0.181646
0.182045 0.00190668 -0.00397747 0.185769
0.185416 0.00191812 -0.00394504 0.190385
0.188788 0.00193243 -0.00381155 0.195088
0.192159 0.00195223 -0.0036588 0.199799
0.195531 0.00197101 -0.00347774 0.204703
0.198902 0.00200053 -0.00328233 0.209615
0.202273 0.00201254 -0.00307067 0.214688
0.205645 0.00203601 -0.00283545 0.219775
0.209016 0.00206048 -0.00258018 0.224864
0.212388 0.0020912 -0.00229127 0.230153
0.215759 0.00213389 -0.00197982 0.235454
0.21913 0.00216552 -0.00164541 0.240744
0.222502 0.00218353 -0.00128852 0.24602
0.225873 0.00221043 -0.000907172 0.251305
0.229245 0.00224252 -0.000487767 0.256789
0.232616 0.00227694 -3.7608e-05 0.262099
0.235987 0.00232742 0.000455055 0.267619
0.239358 0.00238604 0.000959786 0.272956
0.242729 0.00243808 0.00149302 0.278285
0.2461 0.002487 0.00205523 0.283613
0.249471 0.00254063 0.00264792 0.288946
0.252842 0.00259199 0.0032719 0.294276
0.256214 0.00264466 0.00390917 0.299416
0.259585 0.00270498 0.0045972 0.304757
0.262956 0.00276909 0.00528132 0.309718
0.266326 0.00283466 0.00601757 0.314873
0.269697 0.00290224 0.00677126 0.319843
0.273068 0.00295857 0.00755984 0.324802
0.276439 0.00302299 0.00799955 0.329282
0.27981 0.00310029 0.00829557 0.333631
0.28318 0.00318956 0.00860151 0.337978
0.28655 0.00329135 0.00889031 0.342128
0.28992 0.00340395 0.00916122 0.346249
0.293289 0.00351855 0.00943645 0.350352
0.296659 0.00363755 0.00969262 0.354249
0.300028 0.00377186 0.00995446 0.358144
0.303396 0.00392016 0.0102256 0.362039
0.306765 0.00407456 0.0104729 0.365731
0.310133 0.00422677 0.0107245 0.369402
0.3135 0.00438729 0.0109811 0.373065
0.316867 0.00454942 0.0112124 0.376523
0.320233 0.00472428 0.0114438 0.379974
0.323599 0.00490947 0.0116784 0.383421
0.326965 0.00510682 0.0118824 0.386673
0.330329 0.00533109 0.0121164 0.390123
0.333694 0.00556215 0.0123155 0.393371
0.337057 0.00579712 0.0125101 0.396604
0.34042 0.00604623 0.0132536 0.400133
0.343783 0.00630228 0.0140823 0.403886
0.347145 0.00655529 0.0148923 0.40745
0.350507 0.00679838 0.0157187 0.411007
0.353869 0.00703365 0.0165199 0.41437
0.357231 0.00727196 0.017375 0.417925
0.360592 0.00752142 0.018203 0.421306
0.363953 0.0077843 0.0190875 0.424894
0.367313 0.00806858 0.0199616 0.428337
0.370673 0.00834971 0.0208558 0.431788
0.374033 0.00863272 0.0217624 0.435247
0.377393 0.0089231 0.0226342 0.438533
0.380751 0.00923805 0.0235648 0.442036
0.38411 0.0095452 0.0245129 0.445543
0.387468 0.00984332 0.0254228 0.448863
0.390826 0.0101459 0.0263951 0.452384
0.394184 0.0104514 0.0273271 0.455731
0.397541 0.0107583 0.0282692 0.459089
0.400899 0.0110574 0.0292866 0.462642
0.404256 0.0113623 0.0302637 0.466029
0.407612 0.0116895 0.0313079 0.469636
0.410968 0.0120305 0.0323096 0.473086
0.414323 0.0123773 0.0333209 0.476691
0.417678 0.0127076 0.0342945 0.48025
0.421033 0.0130354 0.0352854 0.483821
0.424388 0.0133694 0.0362916 0.487413
0.427742 0.0137104 0.0373138 0.491029
0.431095 0.0140542 0.0383534 0.494665
0.434447 0.0143939 0.0394727 0.498497
0.437798 0.014753 0.0406112 0.502366
0.44115 0.0151024 0.0417696 0.50624
0.444501 0.0154598 0.0429556 0.510145
0.447851 0.0158268 0.0441576 0.514072
0.4512 0.0162038 0.0454473 0.518208
0.454549 0.0165908 0.0467553 0.522366
0.457896 0.0169865 0.0480704 0.526535
0.461242 0.0173925 0.0493815 0.530709
0.464587 0.0178289 0.0507162 0.534929
0.467933 0.0182602 0.0521405 0.539331
0.471277 0.018697 0.0535164 0.543574
0.47462 0.0191519 0.054986 0.548023
0.477962 0.0196212 0.0564752 0.552493
0.481302 0.020107 0.0579843 0.556988
0.484641 0.0206032 0.0595902 0.561673
0.487979 0.0211086 0.0611389 0.566197
0.491315 0.0216113 0.0627911 0.5709
0.49465 0.0221174 0.0643829 0.575432
0.497984 0.0226171 0.0660773 0.580134
0.501318 0.0231035 0.0677049 0.584644
0.50465 0.0235977 0.0694436 0.58934
0.507981 0.0241004 0.0704992 0.593395
0.511309 0.0246251 0.071587 0.597586
0.514635 0.0251587 0.0725835 0.601595
0.517959 0.0257083 0.0736755 0.605779
0.52128 0.0262849 0.0746824 0.609803
0.524598 0.0268762 0.0756797 0.613816
0.527914 0.0274942 0.0765925 0.617675
0.531227 0.0281285 0.0776012 0.621701
0.534538 0.0287826 0.0785177 0.62556
0.537847 0.0294383 0.0794328 0.629399
0.541153 0.0301013 0.0803515 0.633229
0.544457 0.0307745 0.0812785 0.637052
0.547759 0.0314571 0.0821056 0.640698
0.551059 0.0321498 0.0829342 0.644335
0.554354 0.0328661 0.0837642 0.647976
0.557646 0.0335929 0.0844972 0.651449
0.560937 0.0343269 0.0852357 0.654913
0.564225 0.0350581 0.0859864 0.658358
0.56751 0.0357997 0.0867476 0.661799
0.570792 0.0365565 0.0875156 0.665239
0.574069 0.0373358 0.0881641 0.668512
0.577344 0.0381371 0.0888272 0.671798
0.580616 0.0389577 0.0895024 0.675088
0.583886 0.0397789 0.0901908 0.678359
0.587154 0.0406004 0.0908876 0.681613
0.59042 0.0414294 0.0916047 0.684864
0.593682 0.042273 0.0921964 0.687944
0.59694 0.0431408 0.0929253 0.69119
0.600194 0.0440189 0.0935456 0.694266
0.603446 0.044899 0.094313 0.697494
0.606694 0.045788 0.0950982 0.700714
0.60994 0.0466894 0.0958909 0.70392
0.613182 0.0476018 0.0966983 0.707108
0.616421 0.0485233 0.097519 0.710279
0.619658 0.0494656 0.0983564 0.713447
0.622888 0.050448 0.0992066 0.716631
0.626113 0.0514448 0.100214 0.719961
0.629336 0.0524527 0.101099 0.723113
0.632554 0.0534778 0.102133 0.726397
0.635769 0.0545137 0.103186 0.729661
0.638981 0.0555411 0.10426 0.732883
0.64219 0.0565823 0.105348 0.73608
0.645395 0.0576406 0.106454 0.739258
0.648596 0.0587101 0.107571 0.742406
0.651793 0.0597973 0.108855 0.745673
0.654983 0.0609052 0.110009 0.748773
0.658167 0.0620291 0.111331 0.751993
0.661347 0.0631652 0.112515 0.755032
0.664522 0.0643088 0.113866 0.758175
0.667692 0.065459 0.11508 0.761134
0.670858 0.0666184 0.116339 0.764078
0.674019 0.0677916 0.117773 0.76713
0.677176 0.0689754 0.119069 0.769997
0.680327 0.0701689 0.120389 0.77283
0.683475 0.0713743 0.121566 0.775488
0.686617 0.0725899 0.122912 0.77824
0.689755 0.0738148 0.124107 0.78081
0.692885 0.0750643 0.125322 0.783359
0.696009 0.0763325 0.126552 0.785872
0.699128 0.0776131 0.127802 0.78835
0.702242 0.0789011 0.128911 0.790663
0.705353 0.0801766 0.130032 0.792911
0.708459 0.0814625 0.131168 0.795112
0.71156 0.0827596 0.132335 0.797286
0.714656 0.0840672 0.133358 0.799302
0.717746 0.0853859 0.134552 0.801399
0.720833 0.0867162 0.135593 0.803319
0.723913 0.0880677 0.136659 0.805222
0.726989 0.0894335 0.137738 0.80709
0.73006 0.0908083 0.138844 0.808919
0.733126 0.0922127 0.139795 0.810604
0.736186 0.0936333 0.140931 0.812377
0.739238 0.0950839 0.142091 0.814134
0.742284 0.0965473 0.143108 0.81574
0.745325 0.0980286 0.144323 0.817441
0.74836 0.0995116 0.145574 0.819104
0.751389 0.101004 0.146857 0.820728
0.754414 0.102506 0.14815 0.822305
0.757433 0.104019 0.149476 0.823852
0.760445 0.105543 0.150821 0.825348
0.763452 0.107078 0.152357 0.826908
0.766453 0.108625 0.153933 0.828443
0.769447 0.110192 0.155527 0.829937
0.772435 0.111759 0.157151 0.831374
0.775416 0.113341 0.15898 0.832884
0.778391 0.114938 0.160846 0.83436
0.781359 0.116531 0.162929 0.835891
0.784321 0.118124 0.164855 0.837253
0.787277 0.119728 0.166985 0.838664
0.790221 0.121367 0.169334 0.840166
0.793157 0.123021 0.171513 0.841505
0.796085 0.124689 0.173921 0.842918
0.799005 0.126371 0.176341 0.844268
0.801916 0.128066 0.178967 0.845662
0.804819 0.129774 0.1817 0.847073
0.807715 0.131492 0.185119 0.849001
0.810604 0.133221 0.188566 0.850876
0.813487 0.134956 0.192257 0.852809
0.816362 0.136703 0.195989 0.854698
0.819229 0.138462 0.199747 0.856531
0.822093 0.140235 0.203518 0.858297
0.824947 0.142027 0.207302 0.860004
0.827793 0.14383 0.211322 0.861763
0.830629 0.145651 0.215359 0.863467
0.833462 0.147479 0.219437 0.865121
0.836289 0.149315 0.223359 0.866638
0.839107 0.151164 0.227509 0.8682
0.841915 0.153029 0.231881 0.869803
0.844715 0.154906 0.236092 0.871277
0.847506 0.156797 0.240322 0.872699
0.850291 0.158719 0.244595 0.874105
0.853069 0.160648 0.249101 0.87555
0.855839 0.162592 0.253442 0.876877
0.8586 0.164549 0.258008 0.878242
0.861354 0.166518 0.2624 0.879482
0.864098 0.168499 0.267015 0.88076
0.866833 0.170492 0.271442 0.881905
0.869563 0.172492 0.276122 0.883105
0.872294 0.174475 0.280841 0.884241
0.875018 0.17647 0.285376 0.885257
0.877734 0.178472 0.290141 0.886311
0.880442 0.180482 0.294927 0.887323
0.883142 0.182505 0.29976 0.88832
0.885834 0.18454 0.304402 0.889199
0.888517 0.186586 0.309257 0.89011
0.891192 0.188644 0.314144 0.890996
0.893861 0.190708 0.319044 0.891837
0.896533 0.192762 0.323966 0.892616
0.8992 0.194822 0.328929 0.893372
0.90186 0.19689 0.333887 0.894074
0.904512 0.198969 0.338859 0.894742
0.907155 0.201057 0.343848 0.895378
0.909792 0.20315 0.348859 0.895983
0.91242 0.205254 0.354094 0.896628
0.91504 0.207365 0.359129 0.897163
0.917649 0.209497 0.364179 0.897684
0.920249 0.211647 0.369237 0.89818
0.92284 0.213808 0.374518 0.898717
0.92543 0.21597 0.379604 0.899143
0.928021 0.218125 0.384925 0.899596
0.930604 0.220285 0.390042 0.899943
0.933178 0.222457 0.395191 0.900285
0.935746 0.224635 0.400547 0.900648
0.938305 0.226827 0.405722 0.900941
0.940856 0.229028 0.411102 0.901258
0.943399 0.231239 0.416297 0.901501
0.945933 0.233461 0.421709 0.901779
0.94846 0.235694 0.426952 0.901998
0.950977 0.237939 0.432375 0.902226
0.953486 0.240193 0.437627 0.902396
0.955986 0.242457 0.442868 0.902531
0.958479 0.244731 0.448318 0.902694
0.960974 0.246999 0.453588 0.902774
0.963465 0.249267 0.459056 0.902858
0.965949 0.251544 0.464333 0.902874
0.968424 0.253836 0.469592 0.902859
0.97089 0.256137 0.475082 0.902891
0.973348 0.258447 0.480339 0.902828
0.975797 0.260766 0.485607 0.902751
0.978239 0.26307 0.490863 0.902618
0.980671 0.265387 0.496306 0.902503
0.983094 0.267712 0.501546 0.902322
0.985507 0.270047 0.506776 0.902116
0.987911 0.272392 0.512001 0.901888
0.990305 0.274745 0.517245 0.901659
0.99269 0.277108 0.522683 0.901446
0.995062 0.2795 0.527938 0.901216
0.997422 0.281911 0.533193 0.900984
0.999776 0.284327 0.538451 0.900733
1.00213 0.28673 0.543737 0.900459
1.00448 0.28914 0.549253 0.900225
1.00683 0.29156 0.554576 0.899949
1.00916 0.29399 0.559895 0.899662
1.01148 0.296428 0.565222 0.89937
1.01379 0.298875 0.570748 0.899097
1.01609 0.30133 0.57608 0.89879
1.01838 0.303798 0.581403 0.898474
1.02067 0.306275 0.58691 0.898165
1.02294 0.308763 0.592215 0.897826
1.0252 0.311261 0.59751 0.897477
1.02745 0.313769 0.602979 0.897127
1.02969 0.316289 0.608219 0.896733
1.03192 0.318817 0.613643 0.896346
1.03414 0.321354 0.618852 0.895925
1.03635 0.323898 0.624236 0.895505
1.03855 0.326452 0.629606 0.895074
1.04075 0.329015 0.634765 0.894619
1.04293 0.33159 0.640086 0.894158
1.0451 0.334169 0.64542 0.893699
1.04728 0.336738 0.650546 0.893195
1.04945 0.339318 0.65587 0.892712
1.05161 0.341907 0.661199 0.892237
1.05376 0.344504 0.666324 0.891753
1.0559 0.34711 0.671654 0.891291
1.05802 0.349727 0.676961 0.890822
1.06014 0.352352 0.682291 0.890375
1.06225 0.354986 0.687391 0.889907
1.06435 0.357628 0.692718 0.889476
1.06644 0.360275 0.698041 0.889048
1.06852 0.362934 0.703336 0.888613
1.07059 0.365607 0.708442 0.888197
1.07266 0.36829 0.713718 0.887779
1.07471 0.37098 0.71898 0.887362
1.07675 0.373677 0.724228 0.886946
1.07879 0.376398 0.729449 0.886541
1.08081 0.379141 0.734661 0.886159
1.08282 0.381891 0.73984 0.885768
1.08483 0.384646 0.744803 0.885377
1.08682 0.387403 0.749947 0.884985
1.08881 0.390166 0.75507 0.884591
1.09079 0.392935 0.760156 0.884184
1.09276 0.3957 0.765238 0.883778
1.09474 0.398431 0.770333 0.883346
1.09671 0.401163 0.775407 0.882907
1.09868 0.403898 0.780687 0.882479
1.10064 0.406639 0.785743 0.882056
1.10259 0.409385 0.790808 0.881652
1.10453 0.412138 0.795628 0.881103
1.10646 0.4149 0.800306 0.880482
1.10839 0.417662 0.805172 0.879859
1.1103 0.420436 0.809821 0.879254
1.1122 0.423218 0.814658 0.878658
1.1141 0.426003 0.819289 0.878075
1.11599 0.428795 0.824092 0.877488
1.11786 0.431595 0.828692 0.876927
1.11973 0.434405 0.833467 0.876365
1.12158 0.437219 0.838235 0.875817
1.12343 0.440038 0.842795 0.875281
1.12528 0.442862 0.847529 0.874736
1.12711 0.445691 0.852248 0.874199
1.12894 0.448524 0.856962 0.873671
1.13075 0.451368 0.861668 0.873166
1.13256 0.454222 0.866348 0.872663
1.13435 0.457081 0.870987 0.872148
1.13613 0.459944 0.875635 0.871651
1.13792 0.46281 0.880269 0.871157
1.13969 0.465681 0.885093 0.870661
1.14146 0.468556 0.889704 0.870174
1.14322 0.471435 0.894296 0.869687
1.14497 0.474316 0.89889 0.869206
1.14672 0.477192 0.903457 0.868709
1.14846 0.480058 0.908226 0.868197
1.1502 0.482926 0.912815 0.867714
1.15194 0.485797 0.917388 0.867227
1.15366 0.488672 0.921963 0.866746
1.15539 0.491547 0.926727 0.866249
1.15711 0.494424 0.931297 0.865769
1.15882 0.497308 0.935876 0.865303
1.16052 0.500193 0.940449 0.864832
1.16223 0.503073 0.945008 0.864349
1.16392 0.505957 0.94958 0.863874
1.1656 0.508851 0.954129 0.8634
1.16727 0.511767 0.958661 0.862941
1.16893 0.514701 0.963194 0.862499
1.17058 0.517639 0.967708 0.862046
1.17222 0.52058 0.972043 0.861619
1.17386 0.523523 0.976565 0.861165
1.1755 0.52647 0.981073 0.860702
1.17713 0.52942 0.985396 0.860257
1.17876 0.53237 0.989895 0.859776
1.18038 0.535322 0.994222 0.859322
1.182 0.53828 0.998543 0.858859
1.18361 0.541241 1.00285 0.858381
1.18522 0.544204 1.00717 0.857905
1.18683 0.547171 1.01148 0.857417
1.18842 0.550147 1.01578 0.85693
1.18999 0.553132 1.02008 0.856443
1.19156 0.556122 1.02417 0.855964
1.19313 0.559112 1.02847 0.855462
1.19469 0.562104 1.03259 0.854979
1.19625 0.565101 1.03689 0.85446
1.1978 0.568101 1.041 0.85395
1.19935 0.571101 1.04512 0.853436
1.2009 0.5741 1.04922 0.852895
1.20245 0.57709 1.05335 0.852345
1.20401 0.58006 1.0575 0.851765
1.20557 0.58303 1.06165 0.851164
1.20712 0.586015 1.0656 0.85059
1.20868 0.589 1.06976 0.84998
1.21023 0.591985 1.07392 0.849361
1.21178 0.594973 1.0779 0.848759
1.21332 0.597956 1.08207 0.848117
1.21486 0.60094 1.08605 0.847487
1.21637 0.603937 1.09002 0.846854
1.21788 0.606939 1.09416 0.846181
1.21939 0.609944 1.09813 0.845531
1.22089 0.61295 1.1021 0.844872
1.22239 0.615956 1.10608 0.844199
1.22389 0.618965 1.11004 0.843511
1.22538 0.621984 1.11401 0.842824
1.22687 0.625005 1.11799 0.842128
1.22836 0.62803 1.12178 0.84145
1.22984 0.631057 1.12576 0.840738
1.23133 0.634085 1.12974 0.840011
1.23281 0.637115 1.13372 0.839277
1.23429 0.64015 1.13751 0.838562
1.23577 0.643184 1.14131 0.837842
1.23725 0.646219 1.1453 0.837086
1.23872 0.649259 1.1491 0.836352
1.2402 0.652293 1.15291 0.835606
1.24168 0.655328 1.1567 0.834841
1.24315 0.658365 1.16051 0.834082
1.24462 0.661402 1.16433 0.833328
1.24607 0.664453 1.16812 0.83257
1.24751 0.667513 1.1717 0.831841
1.24895 0.670576 1.17548 0.831085
1.25038 0.673641 1.17906 0.830359
1.2518 0.676711 1.18264 0.829634
1.25323 0.679779 1.18623 0.828908
1.25465 0.68285 1.18963 0.828212
1.25607 0.685925 1.19321 0.827491
1.25748 0.689001 1.1966 0.826808
1.25889 0.692077 1.19999 0.826119
1.2603 0.695169 1.20319 0.825483
1.26171 0.698267 1.20657 0.824818
1.26311 0.701356 1.20976 0.824181
1.26453 0.704417 1.21297 0.823522
1.26596 0.707476 1.21618 0.822864
1.26738 0.710537 1.2192 0.822245
1.2688 0.713599 1.22223 0.821642
1.27021 0.716659 1.22525 0.821035
1.27164 0.719715 1.22827 0.820434
1.27306 0.722771 1.2311 0.819868
1.27448 0.725823 1.23392 0.819309
1.27591 0.72887 1.23676 0.818754
1.27734 0.73192 1.2394 0.818244
1.27876 0.73497 1.24203 0.81774
1.28018 0.738022 1.24466 0.817244
1.28159 0.741086 1.24726 0.816769
1.28297 0.744161 1.24986 0.816318
1.28437 0.747232 1.25227 0.815908
1.28576 0.750304 1.25467 0.815499
1.28715 0.753376 1.25707 0.8151
1.28854 0.756447 1.25928 0.814746
1.28993 0.759519 1.26166 0.814352
1.29131 0.762595 1.26358 0.814005
1.2927 0.76567 1.26558 0.813567
1.29409 0.768744 1.2671 0.813144
1.29548 0.771817 1.26837 0.812725
1.29687 0.774891 1.2693 0.812398
1.29827 0.777962 1.27018 0.812187
1.29968 0.781027 1.27107 0.812184
1.30111 0.784085 1.27188 0.812513
1.30256 0.787133 1.2726 0.813252
1.30405 0.790166 1.27322 0.814421
1.30556 0.793186 1.27383 0.815969
1.3071 0.796193 1.27423 0.817917
1.30865 0.799188 1.27437 0.820239
1.31023 0.802174 1.2745 0.823066
1.31185 0.805136 1.31185 0.805136
