-0.505114 0.387868 0
-0.505114 0.387868 0
-0.505114 0.387868 0
-0.505114 0.387868 0
-0.505114 0.387868 0
-0.506937 0.387317 0.00725762
-0.508669 0.386788 0.0143399
-0.509871 0.386417 0.0193787
-0.510875 0.386104 0.0236753
-0.511774 0.38582 0.0276019
-0.512615 0.385553 0.0313446
-0.5134 0.385302 0.034903
-0.514129 0.385065 0.0382767
-0.514844 0.384831 0.041653
-0.515545 0.384598 0.0450318
-0.516192 0.384381 0.0482253
-0.516825 0.384166 0.0514213
-0.517444 0.383953 0.0546195
-0.51805 0.383741 0.0578198
-0.51864 0.383532 0.0610224
-0.519183 0.383337 0.0640386
-0.519744 0.383131 0.0672455
-0.520256 0.38294 0.0702661
-0.520784 0.382739 0.0734777
-0.521267 0.382552 0.0765021
-0.521736 0.382367 0.0795285
-0.522218 0.382173 0.0827463
-0.522654 0.381992 0.0857768
-0.5231 0.381803 0.0889989
-0.523503 0.381627 0.0920333
-0.523915 0.381442 0.0952594
-0.524309 0.38126 0.0984874
-0.524685 0.381081 0.101717
-0.52504 0.380904 0.10495
-0.525375 0.380731 0.108184
-0.52571 0.38055 0.111611
-0.526007 0.380383 0.114849
-0.5263 0.380209 0.118279
-0.526572 0.380038 0.121712
-0.526821 0.379871 0.125147
-0.527061 0.379698 0.128774
-0.527275 0.37953 0.132404
-0.527465 0.379366 0.136035
-0.52763 0.379207 0.139668
-0.527776 0.379044 0.143495
-0.527895 0.378887 0.147323
-0.527987 0.378734 0.151154
-0.528054 0.378581 0.155177
-0.52809 0.378434 0.159203
-0.528098 0.378293 0.163229
-0.528074 0.378153 0.16745
-0.528019 0.37802 0.171671
-0.527927 0.377889 0.176086
-0.527803 0.377767 0.180502
-0.527646 0.377654 0.184918
-0.527447 0.377545 0.189528
-0.527209 0.377447 0.194138
-0.526937 0.377359 0.198748
-0.526619 0.377279 0.20355
-0.526266 0.37721 0.208352
-0.525858 0.377152 0.213345
-0.525412 0.377107 0.218337
-0.52493 0.377074 0.223328
-0.524391 0.377055 0.228508
-0.52381 0.377051 0.233686
-0.523195 0.377061 0.238861
-0.52254 0.377087 0.244033
-0.521848 0.377127 0.2492
-0.521095 0.377184 0.254555
-0.520329 0.377255 0.259713
-0.519498 0.377344 0.265056
-0.518662 0.377444 0.270204
-0.517789 0.37756 0.275344
-0.516881 0.377689 0.280478
-0.515939 0.377831 0.285604
-0.51496 0.377988 0.290721
-0.513984 0.378151 0.295642
-0.512936 0.378332 0.300743
-0.511931 0.378511 0.305457
-0.510854 0.378708 0.310352
-0.509786 0.378907 0.315048
-0.508684 0.379116 0.319735
-0.507594 0.379324 0.324225
-0.506474 0.379541 0.328706
-0.505323 0.379764 0.333177
-0.504191 0.379985 0.337452
-0.503028 0.380212 0.341718
-0.501833 0.380446 0.345972
-0.500661 0.380674 0.350032
-0.499462 0.380908 0.354082
-0.498233 0.381146 0.358122
-0.497034 0.381378 0.361969
-0.495807 0.381613 0.365805
-0.494553 0.381853 0.369632
-0.493333 0.382084 0.373267
-0.492087 0.382318 0.376892
-0.490815 0.382557 0.380508
-0.489584 0.382786 0.383933
-0.488261 0.38303 0.387529
-0.486981 0.383264 0.390935
-0.485676 0.383502 0.394332
-0.484419 0.383729 0.397541
-0.483068 0.383973 0.400918
-0.481766 0.384205 0.404109
-0.480443 0.384441 0.40729
-0.479174 0.384666 0.410287
-0.477806 0.384908 0.413448
-0.476494 0.385138 0.416426
-0.475084 0.385385 0.41957
-0.473733 0.385622 0.422529
-0.472362 0.385861 0.42548
-0.470973 0.386103 0.428422
-0.469648 0.386333 0.431183
-0.468219 0.386583 0.434105
-0.46677 0.386835 0.437019
-0.465389 0.387076 0.439752
-0.463904 0.387335 0.442647
-0.462489 0.387582 0.445363
-0.461057 0.387834 0.44807
-0.459514 0.388105 0.450935
-0.458046 0.388365 0.453623
-0.456467 0.388644 0.456468
-0.454965 0.388912 0.459136
-0.45335 0.3892 0.461962
-0.451717 0.389494 0.464776
-0.450062 0.389793 0.467577
-0.448389 0.390097 0.470368
-0.446697 0.390407 0.473147
-0.444987 0.390722 0.475915
-0.443157 0.391062 0.478833
-0.441306 0.391408 0.481738
-0.439435 0.391761 0.484629
-0.437542 0.392121 0.487506
-0.435627 0.392489 0.490367
-0.433584 0.392884 0.493373
-0.431519 0.393288 0.496362
-0.429431 0.3937 0.499335
-0.42732 0.394119 0.50229
-0.425186 0.394548 0.505229
-0.422916 0.395008 0.508303
-0.420736 0.395454 0.511205
-0.418417 0.395933 0.51424
-0.416074 0.396422 0.517254
-0.413704 0.39692 0.520247
-0.41119 0.397453 0.523366
-0.40877 0.397971 0.526314
-0.406202 0.398525 0.529386
-0.40373 0.399062 0.532287
-0.401107 0.399636 0.535308
-0.398584 0.400192 0.538161
-0.395907 0.400786 0.54113
-0.393332 0.40136 0.543932
-0.390601 0.401973 0.546846
-0.387973 0.402566 0.549595
-0.385186 0.403197 0.552452
-0.382506 0.403807 0.555145
-0.379799 0.404424 0.557811
-0.377205 0.405019 0.560316
-0.374448 0.405651 0.562926
-0.371805 0.40626 0.565378
-0.369139 0.406874 0.567802
-0.36645 0.407494 0.570199
-0.363737 0.408121 0.572569
-0.361146 0.40872 0.574787
-0.358533 0.409325 0.57698
-0.3559 0.409933 0.579147
-0.353395 0.410513 0.581171
-0.350872 0.411096 0.58317
-0.348327 0.411683 0.585142
-0.345763 0.412275 0.587089
-0.343183 0.412869 0.589012
-0.340738 0.413432 0.5908
-0.338277 0.413997 0.592566
-0.3358 0.414565 0.594309
-0.333304 0.415136 0.596025
-0.330793 0.415709 0.597719
-0.328267 0.416285 0.599391
-0.325887 0.416827 0.600939
-0.323331 0.417407 0.602563
-0.320919 0.417952 0.604062
-0.318333 0.418536 0.605639
-0.315731 0.419121 0.607193
-0.313117 0.419708 0.608723
-0.310485 0.420298 0.610223
-0.307838 0.420888 0.611698
-0.305177 0.42148 0.613148
-0.302504 0.422073 0.614575
-0.299648 0.422705 0.616062
-0.296945 0.423301 0.617434
-0.294058 0.423935 0.61886
-0.291155 0.424571 0.620257
-0.288239 0.425208 0.621625
-0.285309 0.425845 0.622962
-0.282365 0.426483 0.624271
-0.279408 0.427123 0.62555
-0.276261 0.427801 0.626865
-0.273275 0.428443 0.628075
-0.270099 0.429122 0.629323
-0.267089 0.429764 0.63047
-0.263888 0.430446 0.631651
-0.260853 0.431089 0.632735
-0.257808 0.431732 0.633787
-0.254572 0.432415 0.634868
-0.251504 0.43306 0.63585
-0.248426 0.433705 0.636801
-0.24552 0.434313 0.637668
-0.242425 0.434959 0.63856
-0.239503 0.435567 0.639371
-0.236575 0.436175 0.640153
-0.233638 0.436784 0.640902
-0.230694 0.437393 0.641624
-0.22793 0.437964 0.642277
-0.225159 0.438535 0.642908
-0.222382 0.439105 0.643508
-0.219601 0.439677 0.644083
-0.217002 0.44021 0.644601
-0.214212 0.440782 0.645134
-0.211604 0.441315 0.645601
-0.208993 0.441848 0.64605
-0.206378 0.442382 0.646481
-0.203761 0.442916 0.646887
-0.201327 0.443412 0.647243
-0.198704 0.443946 0.64761
-0.196078 0.44448 0.647955
-0.193637 0.444976 0.648253
-0.191007 0.44551 0.648558
-0.188375 0.446045 0.648842
-0.185741 0.44658 0.6491
-0.183105 0.447114 0.649341
-0.180466 0.447649 0.649565
-0.177827 0.448185 0.64976
-0.174998 0.448758 0.64995
-0.172168 0.449332 0.65012
-0.169337 0.449906 0.650266
-0.166505 0.45048 0.650384
-0.163483 0.451094 0.650488
-0.16046 0.451706 0.650568
-0.157248 0.452358 0.650626
-0.154226 0.452973 0.650654
-0.151013 0.453625 0.650653
-0.147611 0.454317 0.650623
-0.1444 0.45497 0.650567
-0.140999 0.455664 0.650479
-0.137599 0.456357 0.650362
-0.134012 0.457089 0.650206
-0.130426 0.457823 0.650017
-0.126842 0.458557 0.649797
-0.12326 0.459293 0.649545
-0.11949 0.460068 0.649246
-0.115724 0.460845 0.648915
-0.11196 0.461622 0.648549
-0.1082 0.462401 0.648152
-0.104442 0.463181 0.647723
-0.100501 0.464001 0.647239
-0.0965631 0.464823 0.646722
-0.0926292 0.465647 0.646172
-0.088887 0.466433 0.645619
-0.0849615 0.46726 0.645007
-0.0808551 0.468128 0.644334
-0.0769406 0.468959 0.643661
-0.07303 0.469792 0.642958
-0.0691258 0.470626 0.642228
-0.0650412 0.471503 0.641433
-0.0611482 0.472342 0.640647
-0.057075 0.473223 0.639796
-0.0531934 0.474066 0.638956
-0.0491328 0.474952 0.638051
-0.0452637 0.4758 0.637159
-0.0412165 0.476691 0.6362
-0.0371775 0.477584 0.635216
-0.033328 0.47844 0.634254
-0.0293027 0.479338 0.633222
-0.0252843 0.480239 0.632167
-0.0212725 0.481143 0.631088
-0.0174511 0.482008 0.630038
-0.0134557 0.482916 0.628915
-0.00946671 0.483828 0.627772
-0.00548625 0.484742 0.626606
-0.00151385 0.485659 0.62542
0.00244932 0.486578 0.624212
0.00640492 0.4875 0.622983
0.0103525 0.488425 0.621735
0.0142915 0.489351 0.620467
0.0182216 0.490281 0.619179
0.0223215 0.491255 0.617812
0.0262341 0.49219 0.616484
0.0301379 0.493126 0.615138
0.0340324 0.494064 0.613773
0.0380939 0.495049 0.612323
0.041969 0.495992 0.610917
0.0460108 0.49698 0.609428
0.0498681 0.497927 0.607983
0.0537152 0.498877 0.60652
0.0577273 0.499871 0.60497
0.061555 0.500824 0.603468
0.0655461 0.501821 0.601878
0.0693534 0.502778 0.600336
0.0733226 0.503779 0.598704
0.0771093 0.504738 0.597122
0.0810575 0.505743 0.595448
0.0848239 0.506705 0.593827
0.0885789 0.507667 0.592187
0.0924953 0.508675 0.590451
0.0962299 0.509641 0.588771
0.100123 0.510651 0.58699
0.103835 0.511618 0.585267
0.107537 0.512586 0.583523
0.111396 0.513598 0.581678
0.115075 0.514567 0.579893
0.118744 0.515536 0.578087
0.122402 0.516506 0.576259
0.126215 0.51752 0.574327
0.12985 0.518491 0.572456
0.133474 0.519462 0.570563
0.137086 0.520432 0.568648
0.140687 0.521403 0.566711
0.144439 0.522419 0.564664
0.148017 0.523389 0.562682
0.151583 0.52436 0.560679
0.155137 0.52533 0.558654
0.158681 0.526301 0.556607
0.162372 0.527315 0.554443
0.16589 0.528284 0.552349
0.169396 0.529254 0.550232
0.172891 0.530222 0.548093
0.176531 0.531235 0.545833
0.180001 0.532203 0.543648
0.183459 0.533171 0.541441
0.18706 0.534182 0.53911
0.190494 0.535149 0.536858
0.193914 0.536114 0.534584
0.197476 0.537125 0.53218
0.20087 0.538089 0.52986
0.204406 0.539098 0.52741
0.207774 0.540062 0.525045
0.211284 0.54107 0.522549
0.214779 0.542078 0.52003
0.218109 0.543041 0.517599
0.221577 0.544047 0.515035
0.22503 0.545054 0.512446
0.22832 0.546016 0.509949
0.231745 0.547021 0.507318
0.235157 0.548026 0.504664
0.238407 0.548988 0.502105
0.241791 0.549993 0.499409
0.245162 0.550997 0.496693
0.248516 0.552002 0.493953
0.251712 0.552963 0.491313
0.255038 0.553968 0.488533
0.25835 0.554973 0.485734
0.261649 0.555977 0.482915
0.26479 0.556939 0.480201
0.268059 0.557944 0.477345
0.271313 0.558949 0.474469
0.274553 0.559955 0.471574
0.277778 0.56096 0.468661
0.280988 0.561967 0.46573
0.284184 0.562974 0.462783
0.287228 0.563937 0.459947
0.290396 0.564945 0.456967
0.293547 0.565954 0.453969
0.296684 0.566962 0.450955
0.299806 0.567972 0.447925
0.302914 0.568982 0.444879
0.306007 0.569993 0.44182
0.309219 0.571049 0.438611
0.312282 0.572061 0.435521
0.315329 0.573075 0.432417
0.318362 0.574089 0.429298
0.32138 0.575104 0.426167
0.324514 0.576164 0.422885
0.327502 0.57718 0.419727
0.330604 0.578242 0.416418
0.333562 0.579261 0.413234
0.336632 0.580324 0.409899
0.33956 0.581344 0.406691
0.342599 0.582409 0.403331
0.345623 0.583475 0.399959
0.348505 0.584498 0.396716
0.351497 0.585566 0.39332
0.354473 0.586634 0.389913
0.357434 0.587703 0.386495
0.36038 0.588773 0.383066
0.363309 0.589843 0.379625
0.366222 0.590914 0.376174
0.36912 0.591985 0.372712
0.372003 0.593056 0.36924
0.37499 0.594173 0.365612
0.377841 0.595244 0.362119
0.380677 0.596317 0.358616
0.383497 0.597389 0.355103
0.386304 0.598461 0.35158
0.389212 0.599577 0.347901
0.391986 0.600648 0.344359
0.394746 0.60172 0.340807
0.397492 0.60279 0.337246
0.400337 0.603905 0.333527
0.403052 0.604974 0.329948
0.405753 0.606042 0.326358
0.408439 0.607109 0.32276
0.411112 0.608175 0.319153
0.413771 0.60924 0.315538
0.416415 0.610304 0.311913
0.419044 0.611366 0.308279
0.42166 0.612427 0.304636
0.424262 0.613486 0.300984
0.426742 0.614499 0.297477
0.429318 0.615555 0.293809
0.431879 0.616608 0.290131
0.43432 0.617615 0.286599
0.436855 0.618665 0.282904
0.439272 0.619668 0.279356
0.441677 0.620669 0.275799
0.44407 0.621668 0.272235
0.44645 0.622664 0.268662
0.448818 0.623658 0.265081
0.451175 0.624649 0.261492
0.453519 0.625637 0.257896
0.455751 0.626579 0.254448
0.458073 0.627562 0.250837
0.460283 0.6285 0.247375
0.462583 0.629477 0.243747
0.464771 0.630408 0.24027
0.466948 0.631337 0.236786
0.469116 0.632263 0.233294
0.471273 0.633186 0.229795
0.47342 0.634105 0.22629
0.475557 0.635022 0.222777
0.477587 0.635894 0.219417
0.479704 0.636805 0.215891
0.481811 0.637712 0.212357
0.483812 0.638575 0.208978
0.485899 0.639476 0.20543
0.487882 0.640333 0.202037
0.489855 0.641187 0.198638
0.491913 0.642078 0.195071
0.493869 0.642926 0.191659
0.495815 0.643771 0.188241
0.497752 0.644613 0.184817
0.499681 0.645451 0.181387
0.5016 0.646287 0.177951
0.503511 0.647119 0.174509
0.505323 0.647909 0.171225
0.507217 0.648736 0.167771
0.509102 0.64956 0.164312
0.510978 0.65038 0.160846
0.512757 0.651159 0.157541
0.514528 0.651935 0.15423
0.516379 0.652747 0.150748
0.518134 0.653517 0.147427
0.519881 0.654285 0.144101
0.52162 0.65505 0.140769
0.523352 0.655813 0.137433
0.525076 0.656573 0.134092
0.526792 0.65733 0.130746
0.528416 0.658047 0.127564
0.530117 0.658799 0.124209
0.531727 0.659512 0.121017
0.533329 0.660222 0.117822
0.534926 0.66093 0.114622
0.536431 0.661598 0.111587
0.538014 0.662302 0.10838
0.539508 0.662967 0.105337
0.540996 0.66363 0.102292
0.542396 0.664254 0.0994126
0.543872 0.664914 0.0963605
0.545261 0.665534 0.0934744
0.546644 0.666154 0.0905857
0.548022 0.666771 0.0876942
0.549315 0.667351 0.0849701
0.550604 0.66793 0.0822439
0.551888 0.668508 0.0795151
0.553167 0.669083 0.0767836
0.554363 0.669622 0.0742206
0.555554 0.67016 0.071656
0.556743 0.670697 0.0690894
0.557848 0.671196 0.0666915
0.558949 0.671695 0.0642923
0.560049 0.672193 0.0618915
0.561144 0.67269 0.0594889
0.562236 0.673187 0.0570845
0.563248 0.673647 0.0548508
0.564257 0.674106 0.0526154
0.565263 0.674564 0.0503785
0.56619 0.674987 0.0483131
0.56719 0.675444 0.0460736
0.568035 0.67583 0.0441779
0.568955 0.676251 0.0421088
0.569719 0.676601 0.0403836
0.570407 0.676916 0.0388305
0.57094 0.677161 0.037622
0.571397 0.67737 0.0365858
0.571777 0.677545 0.0357222
0.572005 0.67765 0.0352041
0.572081 0.677684 0.0350314
0.572005 0.67765 0.0352041
0.571853 0.67758 0.0355495
0.571549 0.67744 0.0362404
0.571092 0.677231 0.0372766
0.570559 0.676986 0.0384853
0.587139 0.68466 0
