-0.505114 0.387868 0
-0.505114 0.387868 0

-0.504032 0.384673 0
-0.505049 0.387911 -1.23322e-05

-0.502939 0.381481 0
-0.504959 0.387945 -2.73262e-05

-0.501834 0.378293 0
-0.505014 0.387823 -1.33893e-05

-0.500716 0.37511 0
-0.504974 0.387765 -1.65069e-05

-0.499587 0.371931 0
-0.506715 0.387192 0.00712584

-0.498445 0.368757 0
-0.508345 0.386678 0.0140896

-0.49729 0.365587 0
-0.509434 0.386316 0.0190258

-0.496124 0.362422 0
-0.510337 0.385992 0.0232257

-0.494945 0.359261 0
-0.51114 0.385689 0.027057

-0.493753 0.356105 0
-0.511881 0.385403 0.0307043

-0.492549 0.352953 0
-0.512577 0.38512 0.0341716

-0.491333 0.349807 0
-0.513218 0.384853 0.0374576

-0.490103 0.346665 0
-0.513848 0.384591 0.0407485

-0.488861 0.343529 0
-0.514465 0.384334 0.0440453

-0.487605 0.340397 0
-0.515026 0.384098 0.047162

-0.486337 0.337271 0
-0.515585 0.383861 0.0502878

-0.485055 0.33415 0
-0.51613 0.383633 0.0534206

-0.483759 0.331035 0
-0.516659 0.383418 0.0565602

-0.482451 0.327925 0
-0.517184 0.383204 0.0597097

-0.481128 0.32482 0
-0.51767 0.383004 0.0626823

-0.479792 0.321721 0
-0.518175 0.382806 0.0658497

-0.478442 0.318628 0
-0.518623 0.382637 0.0688369

-0.477078 0.315542 0
-0.519102 0.382457 0.0720223

-0.475699 0.312461 0
-0.519546 0.38229 0.0750306

-0.474306 0.309386 0
-0.519973 0.382137 0.0780463

-0.472898 0.306318 0
-0.520417 0.381983 0.0812585

-0.471476 0.303256 0
-0.520816 0.381851 0.084291

-0.470039 0.300202 0
-0.521229 0.381718 0.0875202

-0.468586 0.297154 0
-0.521601 0.381604 0.090569

-0.467118 0.294113 0
-0.521992 0.381483 0.0938155

-0.465635 0.291079 0
-0.522368 0.381371 0.0970698

-0.464136 0.288053 0
-0.522731 0.381264 0.100332

-0.46262 0.285035 0
-0.523069 0.381172 0.103601

-0.461089 0.282024 0
-0.523385 0.381091 0.106875

-0.459542 0.279022 0
-0.523712 0.381002 0.110347

-0.457977 0.276028 0
-0.524001 0.38093 0.113636

-0.456396 0.273043 0
-0.524286 0.380858 0.117119

-0.454798 0.270067 0
-0.524552 0.380792 0.120609

-0.453183 0.267099 0
-0.524804 0.380726 0.124105

-0.451551 0.264142 0
-0.525042 0.380663 0.127795

-0.4499 0.261194 0
-0.525249 0.380614 0.131488

-0.448232 0.258256 0
-0.525437 0.380565 0.135187

-0.446546 0.255328 0
-0.525602 0.380521 0.13889

-0.444841 0.252411 0
-0.525742 0.380481 0.142785

-0.443118 0.249505 0
-0.52586 0.380442 0.146685

-0.441377 0.24661 0
-0.525947 0.380412 0.150587

-0.439616 0.243726 0
-0.526011 0.380378 0.154683

-0.437836 0.240855 0
-0.526046 0.380349 0.158781

-0.436037 0.237995 0
-0.526038 0.380337 0.162878

-0.434219 0.235148 0
-0.526008 0.380315 0.167169

-0.432381 0.232313 0
-0.525945 0.380299 0.171462

-0.430523 0.229492 0
-0.525835 0.380294 0.175944

-0.428646 0.226684 0
-0.525693 0.380292 0.180426

-0.426748 0.223889 0
-0.525508 0.380305 0.184906

-0.42483 0.221108 0
-0.525291 0.380309 0.189579

-0.422892 0.218342 0
-0.52504 0.380315 0.194252

-0.420934 0.21559 0
-0.524745 0.380336 0.198921

-0.418955 0.212852 0
-0.524391 0.380371 0.203778

-0.416956 0.210129 0
-0.523999 0.380415 0.208631

-0.414937 0.207422 0
-0.523554 0.380463 0.213673

-0.412897 0.204729 0
-0.523077 0.380512 0.218713

-0.410837 0.202053 0
-0.522555 0.380579 0.223746

-0.408756 0.199392 0
-0.521977 0.38065 0.228966

-0.406655 0.196747 0
-0.521348 0.380742 0.234179

-0.404534 0.194118 0
-0.520683 0.380841 0.239385

-0.402392 0.191505 0
-0.519968 0.380963 0.244582

-0.400231 0.188909 0
-0.51922 0.381089 0.249772

-0.39805 0.186329 0
-0.518414 0.381223 0.255147

-0.395848 0.183766 0
-0.517578 0.381382 0.260317

-0.393628 0.18122 0
-0.516681 0.38155 0.265671

-0.391388 0.178691 0
-0.515791 0.381715 0.270826

-0.389128 0.176178 0
-0.514855 0.381896 0.275969

-0.38685 0.173683 0
-0.513874 0.382099 0.2811

-0.384554 0.171204 0
-0.512866 0.382303 0.286222

-0.382238 0.168743 0
-0.511821 0.382517 0.291331

-0.379905 0.166298 0
-0.510774 0.382739 0.296239

-0.377554 0.163871 0
-0.509656 0.382975 0.301325

-0.375185 0.16146 0
-0.508582 0.383205 0.30602

-0.372799 0.159067 0
-0.507439 0.383446 0.310894

-0.370396 0.156691 0
-0.506303 0.383689 0.315567

-0.367976 0.154332 0
-0.505135 0.383938 0.320229

-0.36554 0.15199 0
-0.503977 0.384187 0.32469

-0.363088 0.149664 0
-0.50279 0.384441 0.329141

-0.36062 0.147356 0
-0.501564 0.384709 0.333579

-0.358137 0.145064 0
-0.500361 0.384969 0.337821

-0.355638 0.142789 0
-0.499124 0.385238 0.342052

-0.353125 0.140531 0
-0.497864 0.385503 0.346273

-0.350598 0.13829 0
-0.496637 0.385757 0.350301

-0.348056 0.136065 0
-0.495383 0.386015 0.354319

-0.3455 0.133856 0
-0.49408 0.386296 0.358324

-0.342931 0.131663 0
-0.492821 0.386559 0.36214

-0.340349 0.129487 0
-0.491544 0.386819 0.365949

-0.337753 0.127327 0
-0.490228 0.387096 0.369747

-0.335145 0.125183 0
-0.48895 0.387363 0.373356

-0.332524 0.123055 0
-0.487659 0.387626 0.37696

-0.329891 0.120942 0
-0.48633 0.387906 0.380556

-0.327246 0.118845 0
-0.485047 0.388177 0.383965

-0.324589 0.116764 0
-0.483673 0.388467 0.387549

-0.32192 0.114698 0
-0.482352 0.388742 0.390949

-0.31924 0.112647 0
-0.481011 0.389021 0.394345

-0.316549 0.110612 0
-0.479721 0.389294 0.397559

-0.313847 0.108591 0
-0.478335 0.389591 0.400947

-0.311133 0.106586 0
-0.476998 0.389883 0.404153

-0.308409 0.104595 0
-0.475645 0.390181 0.407358

-0.305675 0.102619 0
-0.47435 0.390475 0.410384

-0.302929 0.100657 0
-0.472967 0.390781 0.413586

-0.300174 0.0987103 0
-0.471647 0.391079 0.416612

-0.297408 0.0967779 0
-0.470225 0.391406 0.419811

-0.294631 0.0948599 0
-0.468854 0.391741 0.422832

-0.291845 0.0929563 0
-0.467475 0.392077 0.425856

-0.289049 0.091067 0
-0.466083 0.392422 0.42888

-0.286242 0.089192 0
-0.464768 0.392756 0.431736

-0.283426 0.0873313 0
-0.463354 0.393114 0.434763

-0.2806 0.085485 0
-0.461915 0.393491 0.437791

-0.277764 0.083653 0
-0.460555 0.393861 0.440651

-0.274918 0.0818354 0
-0.459092 0.39426 0.443683

-0.272063 0.0800322 0
-0.457713 0.394649 0.446551

-0.269198 0.0782436 0
-0.456331 0.395042 0.449424

-0.266323 0.0764697 0
-0.454827 0.395478 0.452464

-0.263439 0.0747105 0
-0.4534 0.395916 0.455339

-0.260545 0.0729663 0
-0.451873 0.396378 0.458386

-0.257641 0.0712372 0
-0.450431 0.396837 0.461271

-0.254728 0.0695234 0
-0.448884 0.397324 0.464327

-0.251806 0.0678252 0
-0.447318 0.397833 0.467386

-0.248873 0.0661429 0
-0.445734 0.398359 0.470445

-0.245932 0.0644766 0
-0.444142 0.398898 0.47351

-0.24298 0.0628268 0
-0.442541 0.399449 0.476579

-0.24002 0.0611937 0
-0.440928 0.400019 0.479652

-0.237049 0.0595778 0
-0.439202 0.40062 0.482893

-0.23407 0.0579793 0
-0.437456 0.401245 0.486134

-0.23108 0.0563988 0
-0.435699 0.401884 0.48938

-0.228081 0.0548365 0
-0.433917 0.402551 0.492624

-0.225073 0.053293 0
-0.432125 0.403233 0.495871

-0.222055 0.0517687 0
-0.430212 0.403952 0.499281

-0.219028 0.0502638 0
-0.428282 0.404691 0.50269

-0.215991 0.048779 0
-0.426337 0.405448 0.506101

-0.212944 0.0473146 0
-0.424376 0.406226 0.509511

-0.209888 0.045871 0
-0.422396 0.407026 0.512921

-0.206823 0.0444486 0
-0.420285 0.407868 0.516486

-0.203748 0.0430478 0
-0.418269 0.408713 0.519893

-0.200664 0.0416691 0
-0.416117 0.409602 0.523453

-0.19757 0.0403128 0
-0.413949 0.41051 0.527009

-0.194467 0.0389792 0
-0.41176 0.411439 0.530562

-0.191355 0.0376686 0
-0.409434 0.412411 0.534262

-0.188234 0.0363815 0
-0.40721 0.413381 0.537805

-0.185103 0.0351179 0
-0.404836 0.414402 0.541491

-0.181964 0.0338783 0
-0.402566 0.415419 0.545021

-0.178815 0.0326628 0
-0.400153 0.416479 0.548692

-0.175658 0.0314716 0
-0.397849 0.417533 0.552209

-0.172491 0.0303048 0
-0.395389 0.418638 0.555862

-0.169317 0.0291625 0
-0.393039 0.419739 0.559361

-0.166133 0.0280448 0
-0.390537 0.420883 0.562993

-0.162941 0.0269517 0
-0.388152 0.422016 0.566474

-0.159741 0.0258831 0
-0.385602 0.423203 0.570082

-0.156533 0.0248389 0
-0.383171 0.424377 0.573539

-0.153317 0.0238192 0
-0.380721 0.425567 0.576986

-0.150094 0.0228235 0
-0.378393 0.426746 0.580284

-0.146863 0.0218519 0
-0.375902 0.427972 0.583705

-0.143624 0.020904 0
-0.373537 0.429183 0.586981

-0.140379 0.0199797 0
-0.371153 0.430409 0.590243

-0.137126 0.0190786 0
-0.368753 0.43165 0.593493

-0.133867 0.0182005 0
-0.366332 0.432906 0.596729

-0.130601 0.0173451 0
-0.364043 0.434147 0.599824

-0.12733 0.0165121 0
-0.361742 0.435396 0.602908

-0.124052 0.0157012 0
-0.359425 0.436658 0.605978

-0.120768 0.014912 0
-0.357247 0.437899 0.608914

-0.117479 0.0141443 0
-0.35506 0.439149 0.611837

-0.114185 0.0133978 0
-0.352851 0.440414 0.614743

-0.110885 0.0126722 0
-0.350627 0.441692 0.617636

-0.107581 0.0119672 0
-0.348391 0.442977 0.620515

-0.104272 0.0112825 0
-0.346309 0.444233 0.623265

-0.100958 0.0106179 0
-0.344214 0.445498 0.626003

-0.0976409 0.00997328 0
-0.342106 0.446773 0.628726

-0.0943194 0.00934834 0
-0.339983 0.448056 0.63143

-0.0909942 0.00874298 0
-0.337847 0.449347 0.634121

-0.0876654 0.00815707 0
-0.335698 0.450647 0.636795

-0.0843332 0.00759055 0
-0.333713 0.451913 0.639349

-0.0809979 0.00704337 0
-0.331546 0.45322 0.641989

-0.0776596 0.00651556 0
-0.329534 0.454498 0.644504

-0.0743184 0.00600713 0
-0.327338 0.455818 0.647107

-0.0709746 0.00551816 0
-0.325128 0.457145 0.649691

-0.0676283 0.00504875 0
-0.322908 0.458473 0.652256

-0.0642796 0.00459901 0
-0.320674 0.459805 0.654793

-0.0609288 0.00416907 0
-0.318426 0.461138 0.657308

-0.0575758 0.0037591 0
-0.316164 0.462477 0.6598

-0.0542209 0.00336926 0
-0.31389 0.463817 0.66227

-0.0508642 0.00299972 0
-0.311419 0.465199 0.664806

-0.0475058 0.00265068 0
-0.309116 0.466542 0.667221

-0.0441458 0.00232231 0
-0.306614 0.467924 0.669696

-0.0407843 0.0020148 0
-0.304097 0.469306 0.672141

-0.0374215 0.00172833 0
-0.301565 0.470689 0.674555

-0.0340575 0.00146308 0
-0.299018 0.47207 0.676936

-0.0306923 0.00121921 0
-0.296456 0.47345 0.679285

-0.0273261 0.00099687 0
-0.293879 0.474829 0.681602

-0.0239589 0.00079619 0
-0.291094 0.476245 0.683955

-0.0205908 0.00061729 0
-0.288485 0.477618 0.686193

-0.0172219 0.00046025 0
-0.285666 0.479028 0.68847

-0.0138524 0.00032513 0
-0.283028 0.480393 0.690634

-0.0104823 0.00021196 0
-0.280178 0.481795 0.69283

-0.00711169 0.00012073 0
-0.277511 0.483151 0.694918

-0.00374063 5.14e-05 0
-0.274831 0.484501 0.696965

-0.00036922 3.88e-06 0
-0.271937 0.485886 0.699037

0.00300245 -2.193e-05 0
-0.269227 0.487225 0.700996

0.00637431 -2.618e-05 0
-0.266504 0.488556 0.702914

0.00974626 -9.05e-06 0
-0.263969 0.489837 0.704733

0.0131182 2.928e-05 0
-0.261223 0.491152 0.70657

0.0164902 8.859e-05 0
-0.258666 0.492416 0.708309

0.0198619 0.00016865 0
-0.256099 0.493672 0.710008

0.0232335 0.00026921 0
-0.253519 0.494918 0.711659

0.0266047 0.00039004 0
-0.250928 0.496154 0.71327

0.0299755 0.00053086 0
-0.248534 0.497337 0.714793

0.0333458 0.00069143 0
-0.24613 0.498509 0.716279

0.0367156 0.00087148 0
-0.243715 0.499669 0.717718

0.0400846 0.00107077 0
-0.241292 0.500819 0.719117

0.0434529 0.00128906 0
-0.239067 0.501912 0.720436

0.0468202 0.00152611 0
-0.236625 0.503036 0.721759

0.0501866 0.00178171 0
-0.234383 0.504104 0.722992

0.0535519 0.00205567 0
-0.232132 0.505157 0.72419

0.056916 0.00234782 0
-0.229872 0.506198 0.725352

0.0602787 0.00265802 0
-0.227604 0.507225 0.726468

0.0636399 0.00298614 0
-0.225537 0.508192 0.72751

0.0669996 0.00333212 0
-0.223252 0.509189 0.728549

0.0703576 0.00369591 0
-0.220957 0.510172 0.729544

0.0737136 0.00407752 0
-0.218865 0.511095 0.730467

0.0770677 0.00447697 0
-0.216553 0.512046 0.73138

0.0804196 0.00489436 0
-0.214233 0.512981 0.732251

0.0837691 0.00532981 0
-0.211903 0.513901 0.733073

0.0871162 0.00578349 0
-0.209564 0.514804 0.733856

0.0904606 0.00625559 0
-0.207215 0.515691 0.7346

0.0938021 0.00674634 0
-0.204858 0.516561 0.73529

0.0971407 0.00725597 0
-0.202279 0.517459 0.735958

0.100476 0.00778477 0
-0.199691 0.518341 0.736581

0.103808 0.00833301 0
-0.197093 0.519204 0.737157

0.107136 0.008901 0
-0.194486 0.520051 0.73768

0.110461 0.00948905 0
-0.191656 0.520926 0.738169

0.113782 0.0100975 0
-0.188816 0.521782 0.738609

0.117099 0.0107266 0
-0.185754 0.522668 0.739007

0.120411 0.0113767 0
-0.182896 0.52349 0.739344

0.123719 0.0120482 0
-0.179816 0.524339 0.739632

0.127022 0.0127414 0
-0.176512 0.525218 0.739869

0.13032 0.0134564 0
-0.173413 0.526032 0.740049

0.133614 0.0141937 0
-0.170092 0.526875 0.740176

0.136902 0.0149534 0
-0.166762 0.527699 0.740247

0.140184 0.0157359 0
-0.163211 0.528552 0.740257

0.143462 0.0165413 0
-0.159652 0.529388 0.740208

0.146733 0.0173698 0
-0.156085 0.530204 0.7401

0.149999 0.0182215 0
-0.152511 0.531004 0.739934

0.153258 0.0190967 0
-0.148716 0.531833 0.739697

0.156511 0.0199952 0
-0.144914 0.532644 0.739401

0.159758 0.0209172 0
-0.141106 0.533436 0.739044

0.162999 0.0218627 0
-0.137293 0.534211 0.738628

0.166233 0.0228315 0
-0.133473 0.534968 0.738153

0.16946 0.0238237 0
-0.129435 0.535756 0.737599

0.17268 0.0248392 0
-0.125393 0.536525 0.736985

0.175894 0.0258776 0
-0.121345 0.537278 0.736311

0.1791 0.026939 0
-0.117504 0.537964 0.735604

0.182299 0.0280231 0
-0.113447 0.538682 0.734815

0.185491 0.0291297 0
-0.109177 0.539432 0.73394

0.188675 0.0302586 0
-0.105114 0.540116 0.733036

0.191852 0.0314095 0
-0.101046 0.540783 0.732077

0.195022 0.0325822 0
-0.0969759 0.541432 0.731063

0.198183 0.0337763 0
-0.0926938 0.542116 0.729962

0.201337 0.0349916 0
-0.0886183 0.542733 0.728841

0.204483 0.0362279 0
-0.0843313 0.543385 0.727631

0.207621 0.0374848 0
-0.0802508 0.54397 0.726405

0.210751 0.0387619 0
-0.0759606 0.544589 0.725091

0.213873 0.0400591 0
-0.0718767 0.545143 0.723765

0.216987 0.041376 0
-0.0675848 0.545733 0.722347

0.220093 0.0427123 0
-0.0632937 0.546308 0.720881

0.22319 0.0440678 0
-0.0592066 0.546817 0.719411

0.226279 0.0454421 0
-0.0549146 0.547362 0.71785

0.229359 0.046835 0
-0.0506227 0.547893 0.716242

0.232431 0.0482462 0
-0.0463302 0.548411 0.714588

0.235494 0.0496755 0
-0.0422427 0.548863 0.712939

0.238548 0.0511227 0
-0.0379536 0.549353 0.711197

0.241594 0.0525876 0
-0.0336645 0.54983 0.709412

0.244631 0.05407 0
-0.0293779 0.550294 0.707584

0.247659 0.0555698 0
-0.0250931 0.550747 0.705715

0.250678 0.0570868 0
-0.0208126 0.551186 0.703804

0.253688 0.0586208 0
-0.0165334 0.551614 0.701853

0.256689 0.0601719 0
-0.0122573 0.552029 0.699862

0.259681 0.0617398 0
-0.00798412 0.552434 0.697834

0.262663 0.0633245 0
-0.00371534 0.552827 0.695768

0.265637 0.064926 0
0.000747112 0.553262 0.693605

0.2686 0.0665441 0
0.00500722 0.553634 0.691463

0.271555 0.0681789 0
0.0092635 0.553995 0.689287

0.274499 0.0698303 0
0.013514 0.554346 0.687076

0.277434 0.0714984 0
0.0179535 0.554742 0.684765

0.28036 0.073183 0
0.0221914 0.555074 0.682483

0.283275 0.0748842 0
0.0266179 0.555451 0.680102

0.28618 0.076602 0
0.0308451 0.555765 0.677753

0.289076 0.0783365 0
0.0350648 0.556072 0.675372

0.291961 0.0800876 0
0.0394689 0.556423 0.672892

0.294836 0.0818553 0
0.0436741 0.556714 0.670449

0.2977 0.0836398 0
0.0480619 0.55705 0.667905

0.300554 0.0854411 0
0.0522506 0.557327 0.665399

0.303397 0.0872591 0
0.056619 0.55765 0.662792

0.30623 0.089094 0
0.0607899 0.557912 0.660227

0.309052 0.0909457 0
0.0651391 0.558222 0.65756

0.311862 0.0928144 0
0.0692927 0.558474 0.654939

0.314662 0.0947001 0
0.073436 0.558721 0.65229

0.31745 0.0966029 0
0.0777551 0.559015 0.649539

0.320226 0.0985227 0
0.0818784 0.559252 0.646838

0.322991 0.10046 0
0.0861742 0.559537 0.64403

0.325744 0.102414 0
0.0902741 0.559765 0.641275

0.328485 0.104385 0
0.0943656 0.559991 0.638496

0.331214 0.106374 0
0.0986255 0.560266 0.635611

0.33393 0.10838 0
0.10269 0.560484 0.632783

0.336634 0.110403 0
0.106745 0.560701 0.629932

0.339325 0.112444 0
0.110789 0.560916 0.627058

0.342003 0.114502 0
0.114999 0.561183 0.624077

0.344668 0.116578 0
0.119018 0.561396 0.621158

0.347319 0.118671 0
0.12302 0.561606 0.618217

0.349957 0.120781 0
0.12701 0.561816 0.615255

0.35258 0.122909 0
0.130989 0.562028 0.612273

0.35519 0.125054 0
0.135125 0.562291 0.609181

0.357785 0.127217 0
0.139073 0.562502 0.606158

0.360366 0.129397 0
0.14301 0.562716 0.603118

0.362932 0.131595 0
0.14693 0.56293 0.600059

0.365484 0.13381 0
0.150836 0.563146 0.596983

0.36802 0.136043 0
0.154896 0.563416 0.593794

0.37054 0.138293 0
0.158771 0.563637 0.59068

0.373046 0.14056 0
0.162631 0.563862 0.58755

0.375535 0.142845 0
0.166474 0.564089 0.584406

0.378008 0.145147 0
0.170468 0.56437 0.581146

0.380466 0.147466 0
0.17428 0.564608 0.57797

0.382907 0.149802 0
0.178073 0.564846 0.574781

0.385331 0.152155 0
0.182012 0.565137 0.571476

0.387739 0.154525 0
0.185773 0.565388 0.568259

0.39013 0.156913 0
0.189517 0.565643 0.565031

0.392504 0.159317 0
0.193406 0.565955 0.561681

0.39486 0.161737 0
0.197113 0.566222 0.558427

0.3972 0.164175 0
0.200963 0.566545 0.555054

0.399522 0.166629 0
0.204633 0.566825 0.551779

0.401827 0.169099 0
0.208446 0.567162 0.548383

0.404113 0.171586 0
0.212245 0.567512 0.544976

0.406383 0.174088 0
0.215861 0.567815 0.541673

0.408634 0.176607 0
0.219611 0.568173 0.538248

0.410867 0.179142 0
0.223344 0.56854 0.534812

0.413083 0.181692 0
0.226899 0.568866 0.531484

0.41528 0.184258 0
0.230588 0.569249 0.528034

0.41746 0.186839 0
0.234263 0.569646 0.524576

0.419621 0.189435 0
0.237767 0.570008 0.521228

0.421764 0.192046 0
0.241405 0.570427 0.517757

0.423889 0.194672 0
0.245017 0.570852 0.514282

0.425996 0.197313 0
0.248599 0.57128 0.510801

0.428085 0.199967 0
0.252018 0.571677 0.507436

0.430155 0.202637 0
0.255571 0.572138 0.503945

0.432207 0.20532 0
0.2591 0.572607 0.500451

0.434242 0.208017 0
0.262605 0.573084 0.496955

0.436257 0.210728 0
0.26595 0.573532 0.49358

0.438255 0.213452 0
0.269415 0.574034 0.49008

0.440235 0.216189 0
0.272852 0.574542 0.486578

0.442196 0.218939 0
0.276269 0.575063 0.483074

0.44414 0.221702 0
0.279674 0.575605 0.479568

0.446066 0.224477 0
0.283055 0.576157 0.476062

0.447973 0.227265 0
0.286411 0.576717 0.472557

0.449863 0.230065 0
0.289608 0.577246 0.469182

0.451735 0.232877 0
0.292929 0.577838 0.465677

0.453589 0.235701 0
0.296223 0.578438 0.462173

0.455425 0.238536 0
0.299487 0.579043 0.458672

0.457244 0.241382 0
0.302736 0.579666 0.455171

0.459045 0.244239 0
0.305968 0.580305 0.451672

0.460828 0.247108 0
0.309176 0.580954 0.448176

0.462594 0.249987 0
0.312494 0.581658 0.444548

0.464343 0.252876 0
0.315659 0.582332 0.441056

0.466074 0.255776 0
0.318807 0.583024 0.437565

0.467788 0.258686 0
0.321929 0.583723 0.434077

0.469485 0.261606 0
0.32503 0.584436 0.430594

0.471164 0.264536 0
0.328241 0.585205 0.426976

0.472827 0.267475 0
0.331297 0.585937 0.423499

0.474473 0.270424 0
0.334463 0.586728 0.419887

0.476102 0.273381 0
0.33748 0.58749 0.416415

0.477714 0.276348 0
0.340606 0.588308 0.412807

0.479309 0.279324 0
0.343584 0.589093 0.409341

0.480888 0.282308 0
0.346665 0.589932 0.405739

0.48245 0.285301 0
0.349733 0.590789 0.402139

0.483996 0.288303 0
0.352644 0.591604 0.398684

0.485525 0.291312 0
0.355659 0.592473 0.39509

0.487039 0.29433 0
0.358654 0.593353 0.391498

0.488536 0.297355 0
0.361637 0.594252 0.387907

0.490017 0.300389 0
0.364605 0.595165 0.384318

0.491482 0.30343 0
0.36754 0.596076 0.380732

0.492931 0.306478 0
0.370445 0.596988 0.377149

0.494365 0.309534 0
0.373336 0.597914 0.373567

0.495783 0.312597 0
0.376218 0.598858 0.369984

0.497186 0.315666 0
0.379201 0.599856 0.366256

0.498573 0.318743 0
0.382041 0.600814 0.362674

0.499945 0.321827 0
0.384864 0.601783 0.359093

0.501301 0.324917 0
0.387661 0.60275 0.355513

0.502643 0.328013 0
0.390434 0.603719 0.351934

0.50397 0.331116 0
0.393315 0.604749 0.348206

0.505282 0.334225 0
0.396066 0.605745 0.344621

0.506579 0.337341 0
0.398798 0.606746 0.341036

0.507862 0.340462 0
0.401506 0.607745 0.33745

0.509131 0.343589 0
0.404313 0.608795 0.333714

0.510385 0.346721 0
0.40699 0.609808 0.330124

0.511625 0.34986 0
0.409651 0.610824 0.326529

0.512851 0.353003 0
0.412295 0.611843 0.322932

0.514064 0.356152 0
0.414923 0.612866 0.319331

0.515262 0.359307 0
0.417537 0.613893 0.315726

0.516448 0.362466 0
0.420134 0.614921 0.312117

0.51762 0.36563 0
0.422715 0.615951 0.308502

0.518778 0.368799 0
0.425274 0.616976 0.304884

0.519924 0.371973 0
0.427822 0.618004 0.30126

0.521056 0.375152 0
0.430258 0.618998 0.29778

0.522176 0.378335 0
0.432782 0.620032 0.294143

0.523283 0.381522 0
0.435289 0.621063 0.290498

0.524378 0.384714 0
0.437677 0.622049 0.287

0.525461 0.38791 0
0.440159 0.62308 0.283341

0.526531 0.39111 0
0.442526 0.624068 0.279827

0.527589 0.394314 0
0.444877 0.625051 0.276307

0.528635 0.397521 0
0.447212 0.626027 0.27278

0.52967 0.400733 0
0.449535 0.627002 0.269243

0.530693 0.403949 0
0.451853 0.627978 0.265696

0.531705 0.407168 0
0.454159 0.628951 0.26214

0.532705 0.41039 0
0.456453 0.629919 0.258576

0.533694 0.413616 0
0.458629 0.630835 0.255159

0.534672 0.416845 0
0.460902 0.631796 0.251575

0.535639 0.420078 0
0.463069 0.632713 0.248137

0.536595 0.423314 0
0.465324 0.633667 0.244531

0.537541 0.426553 0
0.467463 0.634567 0.241074

0.538476 0.429795 0
0.469599 0.635468 0.237605

0.5394 0.433039 0
0.471712 0.63635 0.234129

0.540315 0.436287 0
0.473826 0.637236 0.230639

0.541219 0.439538 0
0.475934 0.638119 0.227138

0.542113 0.442791 0
0.478025 0.638987 0.223629

0.542997 0.446047 0
0.480009 0.639806 0.220268

0.543871 0.449306 0
0.482085 0.640664 0.216736

0.544736 0.452567 0
0.484155 0.641518 0.213192

0.54559 0.45583 0
0.486121 0.642323 0.209797

0.546435 0.459096 0
0.488179 0.643168 0.206229

0.547271 0.462365 0
0.490131 0.643963 0.202813

0.548097 0.465636 0
0.49207 0.644745 0.199387

0.548914 0.468909 0
0.494091 0.645557 0.195788

0.549722 0.472184 0
0.496014 0.646325 0.192341

0.550521 0.475461 0
0.497933 0.647089 0.188883

0.55131 0.478741 0
0.499843 0.647846 0.185414

0.552091 0.482023 0
0.50174 0.648591 0.181937

0.552863 0.485306 0
0.503633 0.649333 0.178449

0.553626 0.488592 0
0.505521 0.65007 0.17495

0.55438 0.49188 0
0.507308 0.650759 0.171607

0.555126 0.495169 0
0.509179 0.651482 0.168091

0.555864 0.49846 0
0.51104 0.652197 0.164566

0.556592 0.501754 0
0.512893 0.652907 0.161032

0.557313 0.505049 0
0.514646 0.653567 0.157657

0.558026 0.508345 0
0.516398 0.654228 0.154273

0.55873 0.511644 0
0.51823 0.654923 0.150715

0.559426 0.514944 0
0.519966 0.655574 0.147317

0.560115 0.518245 0
0.521694 0.656219 0.143912

0.560796 0.521549 0
0.5234 0.656847 0.140505

0.561469 0.524853 0
0.525114 0.657485 0.137088

0.562134 0.52816 0
0.526836 0.658135 0.133664

0.562792 0.531467 0
0.528537 0.658769 0.130237

0.563443 0.534777 0
0.530131 0.659349 0.126976

0.564087 0.538087 0
0.531811 0.659973 0.123543

0.564723 0.541399 0
0.533403 0.660561 0.120274

0.565353 0.544712 0
0.534984 0.661145 0.117002

0.565976 0.548027 0
0.53656 0.66173 0.113729

0.566592 0.551343 0
0.538044 0.662276 0.110622

0.567202 0.55466 0
0.539605 0.662861 0.107346

0.567805 0.557978 0
0.541085 0.663418 0.104236

0.568402 0.561297 0
0.542552 0.663971 0.101128

0.568993 0.564617 0
0.54393 0.664488 0.0981895

0.569578 0.567939 0
0.545379 0.66504 0.0950843

0.570158 0.571261 0
0.546739 0.66556 0.0921487

0.570731 0.574585 0
0.548099 0.666088 0.0892144

0.571299 0.577909 0
0.549452 0.666619 0.0862831

0.571862 0.581235 0
0.550717 0.667118 0.0835238

0.57242 0.584561 0
0.551986 0.667632 0.0807664

0.572972 0.587888 0
0.553242 0.668144 0.078014

0.57352 0.591216 0
0.554496 0.668665 0.0752646

0.574062 0.594545 0
0.55566 0.669153 0.07269

0.5746 0.597875 0
0.55682 0.669649 0.0701203

0.575133 0.601205 0
0.557981 0.670156 0.0675546

0.575662 0.604536 0
0.559059 0.670638 0.0651622

0.576186 0.607868 0
0.560125 0.67112 0.0627773

0.576705 0.6112 0
0.561187 0.67161 0.0603981

0.577221 0.614534 0
0.562246 0.672108 0.0580238

0.577732 0.617867 0
0.563306 0.672619 0.0556535

0.57824 0.621202 0
0.564287 0.673106 0.0534587

0.578743 0.624537 0
0.565254 0.67359 0.051271

0.579242 0.627872 0
0.566218 0.674082 0.0490883

0.579738 0.631209 0
0.567109 0.674553 0.0470804

0.580229 0.634545 0
0.56807 0.675061 0.0449066

0.580716 0.637877 0
0.568878 0.675509 0.0430785

0.581197 0.641195 0
0.569757 0.675992 0.0410847

0.58167 0.644483 0
0.570484 0.676414 0.0394361

0.582132 0.647717 0
0.571138 0.676809 0.0379624

0.58258 0.65087 0
0.571648 0.677144 0.036834

0.583009 0.653914 0
0.572072 0.677436 0.0358829

0.583416 0.65682 0
0.572422 0.67769 0.0351073

0.583798 0.659563 0
0.572614 0.677864 0.0346794

0.584152 0.662126 0
0.572666 0.677969 0.0345941

0.584479 0.664495 0
0.572563 0.67799 0.0348522

0.584776 0.666664 0
0.572385 0.677963 0.0352769

0.585044 0.668634 0
0.572067 0.677861 0.0360351

0.585285 0.67041 0
0.571599 0.677676 0.0371247

0.5855 0.672002 0
0.570992 0.677382 0.0383823

0.587139 0.68466 0
0.587139 0.68466 1.50703e-17

