0 0 0 0
0.0107697 -4.95838e-05 -0.401583 0.440739
0.0215374 -0.000244004 -0.723836 0.79744
0.0323004 -0.000621027 -1.04288 1.15077
0.0430562 -0.00116498 -1.36401 1.50562
0.0538035 -0.00185943 -1.65222 1.82305
0.0645413 -0.00268808 -1.97985 2.17997
0.0752695 -0.00363335 -2.25067 2.47111
0.0859886 -0.00467727 -2.5822 2.82251
0.0966996 -0.00580097 -2.82196 3.07025
0.107404 -0.00698602 -3.08092 3.3311
0.118104 -0.00821453 -3.33208 3.57829
0.128801 -0.00946608 -3.51358 3.74724
0.139497 -0.0107255 -3.70305 3.91767
0.150195 -0.011968 -3.88465 4.07575
0.160896 -0.0131793 -4.04835 4.20954
0.171603 -0.0143429 -4.21917 4.34474
0.182317 -0.0154401 -4.42589 4.50815
0.193039 -0.0164519 -4.69438 4.71602
0.20377 -0.0173698 -4.92228 4.87266
0.214511 -0.0181508 -5.10496 4.97688
0.225259 -0.0188276 -5.25103 5.03934
0.236017 -0.0193403 -5.38586 5.08612
0.246781 -0.0196987 -5.50882 5.11957
0.257548 -0.0199026 -5.61778 5.14152
0.268318 -0.019936 -5.74099 5.1762
0.279087 -0.0197867 -5.88155 5.22664
0.289851 -0.0194405 -6.03079 5.28777
0.300606 -0.0189028 -6.12252 5.30043
0.31135 -0.0181641 -6.24947 5.34506
0.322078 -0.0172157 -6.40609 5.41654
0.332784 -0.0160558 -6.56917 5.49587
0.343465 -0.0146771 -6.67986 5.53674
0.354114 -0.0130722 -6.83729 5.61726
0.364726 -0.011238 -6.98034 5.68849
0.375296 -0.00917186 -7.1628 5.79182
0.385816 -0.00687301 -7.26436 5.83528
0.396282 -0.00433669 -7.37198 5.88581
0.406688 -0.00156776 -7.50277 5.95463
0.417028 0.00145183 -7.572 5.98085
0.427297 0.00467845 -7.65532 6.01653
0.437485 0.00818617 -7.70064 6.02955
0.447593 0.0118999 -7.75576 6.04856
0.457611 0.0158423 -7.80498 6.06633
0.467531 0.0200419 -7.86265 6.09256
0.477353 0.0244603 -7.89441 6.10183
0.487071 0.0290961 -7.95017 6.13125
0.496679 0.0339604 -7.99526 6.15488
0.506169 0.0390564 -8.05064 6.18904
0.515538 0.0443732 -8.07845 6.20631
0.524783 0.0498945 -8.09852 6.22076
0.533899 0.0556191 -8.13869 6.24864
0.542875 0.0615678 -8.19771 6.29229
0.551708 0.0677311 -8.27673 6.35276
0.560393 0.0741024 -8.23674 6.33081
0.568923 0.0806805 -8.30172 6.38569
0.577294 0.0874519 -8.33151 6.4172
0.585505 0.0944174 -8.32242 6.42293
0.593537 0.101587 -8.3117 6.42973
0.601406 0.108939 -8.29587 6.43216
0.609075 0.1165 -8.25939 6.42364
0.616572 0.124229 -8.21484 6.40632
0.623872 0.132146 -8.15643 6.37951
0.630971 0.140246 -8.092 6.34925
0.637876 0.14851 -8.0245 6.31439
0.644575 0.156939 -7.96127 6.28021
0.651055 0.165548 -7.90109 6.24699
0.657322 0.174309 -7.85125 6.218
0.663372 0.183211 -7.81039 6.19078
0.669189 0.192271 -7.78168 6.16811
0.674771 0.201487 -7.76556 6.14963
0.68012 0.210831 -7.76321 6.13454
0.685216 0.220314 -7.77437 6.12192
0.690061 0.229925 -7.79865 6.11121
0.694652 0.239664 -7.83409 6.10097
0.69896 0.249544 -7.88024 6.0892
0.702995 0.259534 -7.93498 6.07294
0.706736 0.269627 -7.99233 6.05171
0.710202 0.279816 -8.04842 6.01825
0.713326 0.290118 -8.09326 5.9706
0.716156 0.300515 -8.11108 5.89776
0.718638 0.310997 -8.08449 5.79261
0.720804 0.321541 -7.99263 5.64255
0.722625 0.332153 -7.80409 5.43544
0.72409 0.342824 -7.56792 5.20518
0.725214 0.353534 -7.26119 4.9414
0.726001 0.364264 -6.95901 4.68936
0.726428 0.375029 -6.60305 4.4181
0.726511 0.385807 -6.24652 4.16005
0.72627 0.396575 -5.87781 3.90596
0.725708 0.40733 -5.4877 3.65228
0.724833 0.418063 -5.08616 3.40472
0.723656 0.428764 -4.62438 3.13759
0.722195 0.439431 -4.18654 2.89356
0.720455 0.45006 -3.60038 2.58624
0.718468 0.460636 -3.08468 2.32345
0.716221 0.471172 -2.50702 2.03918
0.713769 0.481663 -1.77339 1.68643
0.711087 0.492091 -1.06589 1.35098
0.708246 0.502482 -0.270302 0.975566
0.705247 0.512821 0.705247 0.512821
