-5.86619e-06 1.56453e-05 0
-0.004605 -0.00077 0.006447
-0.007789 -0.001513 0.011385
-0.010219 -0.002109 0.015562
-0.012146 -0.002638 0.019345
-0.013782 -0.003079 0.023071
-0.01518 -0.00352 0.026999
-0.016433 -0.003912 0.031473
-0.017528 -0.004243 0.036845
-0.018376 -0.004495 0.043488
-0.018809 -0.004641 0.051767
-0.018593 -0.004642 0.061995
-0.017446 -0.004481 0.074346
-0.015065 -0.004201 0.088727
-0.011325 -0.003769 0.10479
-0.006283 -0.003183 0.121805
-0.000211 -0.002522 0.138664
0.006331 -0.001818 0.15419
0.012665 -0.001102 0.167398
0.018192 -0.000417 0.17773
0.022539 0.000216 0.185175
0.025658 0.00074 0.19011
0.027727 0.001164 0.1932
0.029122 0.001467 0.195113
0.030209 0.001759 0.196554
0.03138 0.002121 0.198036
0.03297 0.00266 0.19994
0.035255 0.003487 0.202516
0.038449 0.004709 0.205904
0.042709 0.006427 0.210164
0.048147 0.008709 0.215274
0.054839 0.011582 0.22114
0.062814 0.015032 0.22761
0.072039 0.019005 0.234489
0.082376 0.023457 0.241591
0.093671 0.028228 0.248638
0.105634 0.033212 0.255429
0.117938 0.038244 0.261742
0.13021 0.043164 0.267399
0.142062 0.047823 0.272283
0.153119 0.052114 0.276351
0.163079 0.055939 0.279606
0.171723 0.05925 0.282112
0.178941 0.062024 0.283962
0.184736 0.064275 0.285274
0.189219 0.066047 0.286169
0.192599 0.067407 0.286755
0.195142 0.068469 0.287149
0.197189 0.069334 0.287411
0.199076 0.070162 0.287618
0.20115 0.071111 0.287813
0.203761 0.072313 0.287986
0.20719 0.073934 0.288145
0.211695 0.076092 0.288245
0.217475 0.078873 0.288219
0.224639 0.082349 0.288007
0.23325 0.086514 0.287508
0.243316 0.091294 0.286595
0.254714 0.096613 0.285199
0.267253 0.102346 0.283264
0.280683 0.108328 0.28075
0.294678 0.114398 0.27768
0.308909 0.120363 0.274082
0.322981 0.126097 0.270084
0.336512 0.13151 0.26585
0.349234 0.136449 0.261476
0.360811 0.140934 0.257206
0.371131 0.144831 0.253093
0.37999 0.148214 0.24936
0.387419 0.150994 0.246016
0.393375 0.153259 0.243203
0.397954 0.155034 0.240938
0.401331 0.156344 0.239182
0.403689 0.157297 0.237911
0.40536 0.157939 0.236953
0.406636 0.158447 0.236196
0.407913 0.158984 0.235415
0.409658 0.159726 0.234304
0.412346 0.160893 0.232531
0.416446 0.162714 0.229733
0.422514 0.165312 0.225413
0.430791 0.168903 0.219321
0.441564 0.173476 0.211095
0.454937 0.178888 0.200489
0.470572 0.184994 0.187647
0.488041 0.191447 0.172777
0.506729 0.197837 0.156292
0.525753 0.203881 0.138914
0.544308 0.209334 0.121356
0.561702 0.21407 0.104287
0.577536 0.217974 0.088144
0.591496 0.22112 0.073316
0.603466 0.223637 0.060016
0.613534 0.225595 0.048252
0.621835 0.227111 0.03798
0.628568 0.228265 0.02908
0.633937 0.22913 0.021413
0.638142 0.229767 0.014831
0.641376 0.23022 0.009182
0.64384 0.230476 0.00429
0.645678 0.230663 0
