0 0 0
0.0106 -5.42974e-06 0.00491561
0.0210696 -2.836e-05 0.00998306
0.03141 -7.70941e-05 0.015187
0.0416229 -0.000159221 0.0205127
0.0517102 -0.000282066 0.0259458
0.061675 -0.00045363 0.0314703
0.0715195 -0.000679326 0.0370738
0.0812471 -0.000965892 0.0427416
0.0908614 -0.00131969 0.048459
0.100363 -0.00174123 0.0542202
0.109762 -0.00224711 0.0599931
0.119054 -0.00282719 0.0657883
0.128246 -0.00349175 0.0715828
0.137342 -0.00424442 0.0773639
0.146345 -0.0050894 0.0831172
0.155259 -0.006027 0.0888344
0.164085 -0.0070581 0.0945059
0.172826 -0.00818216 0.100124
0.181486 -0.00940388 0.105671
0.190062 -0.0107154 0.111153
0.19857 -0.0121318 0.116529
0.206995 -0.0136334 0.121828
0.215348 -0.0152295 0.127021
0.223632 -0.01692 0.132094
0.231843 -0.0186967 0.137053
0.239984 -0.0205579 0.141888
0.248057 -0.0225022 0.146589
0.256059 -0.0245228 0.151158
0.263997 -0.026623 0.155572
0.271861 -0.0287881 0.159851
0.279667 -0.0310281 0.163953
0.287394 -0.0333206 0.167921
0.295054 -0.0356712 0.171725
0.30265 -0.0380762 0.175353
0.31017 -0.0405236 0.178827
0.317619 -0.0430101 0.182135
0.324999 -0.0455331 0.185267
0.332304 -0.0480848 0.18823
0.339539 -0.0506608 0.191015
0.346689 -0.0532501 0.19365
0.353775 -0.055856 0.196088
0.360772 -0.0584631 0.198383
0.367695 -0.0610729 0.200497
0.374541 -0.0636786 0.202438
0.381302 -0.0662728 0.204223
0.387979 -0.0688507 0.20585
0.394576 -0.0714086 0.207307
0.401087 -0.0739411 0.208615
0.407513 -0.0764424 0.209766
0.413845 -0.0789092 0.210788
0.420099 -0.0813359 0.211638
0.426259 -0.0837221 0.212361
0.432333 -0.0860607 0.212939
0.438318 -0.0883496 0.213379
0.444208 -0.0905851 0.213702
0.450007 -0.0927639 0.213904
0.45572 -0.094882 0.213967
0.461336 -0.0969408 0.213931
0.466863 -0.0989333 0.213774
0.472292 -0.100865 0.21353
0.477636 -0.102721 0.213157
0.482883 -0.104515 0.212709
0.488038 -0.106234 0.212164
0.4931 -0.107882 0.211532
0.498067 -0.10946 0.210828
0.502946 -0.110965 0.210037
0.507737 -0.112393 0.209156
0.512433 -0.113754 0.208224
0.517038 -0.115035 0.207222
0.52155 -0.116252 0.206175
0.525979 -0.117381 0.205043
0.530314 -0.11845 0.203884
0.534562 -0.119441 0.202668
0.538724 -0.120361 0.201404
0.542798 -0.121214 0.200105
0.546787 -0.121996 0.198766
0.550692 -0.122702 0.197384
0.554511 -0.123351 0.195989
0.558244 -0.123923 0.194562
0.5619 -0.124444 0.193109
0.565478 -0.124886 0.191613
0.568974 -0.125283 0.190119
0.572389 -0.125609 0.188603
0.575728 -0.125877 0.187073
0.578992 -0.12609 0.185531
0.582179 -0.126246 0.183982
0.585291 -0.12634 0.182421
0.588333 -0.126397 0.18086
0.591301 -0.126389 0.179291
0.594205 -0.126347 0.177718
0.597034 -0.126235 0.176139
0.599796 -0.126098 0.174578
0.602491 -0.125905 0.173013
0.605123 -0.125672 0.171444
0.607693 -0.125404 0.169882
0.6102 -0.125095 0.168324
0.612644 -0.124741 0.16677
0.615029 -0.124364 0.165235
0.617354 -0.123938 0.1637
0.619625 -0.123493 0.162176
0.621832 -0.122995 0.160664
0.623989 -0.122489 0.159171
0.626092 -0.121941 0.157677
0.628144 -0.121369 0.156192
0.630144 -0.120774 0.154728
0.632092 -0.120152 0.153276
0.633989 -0.1195 0.151837
0.635843 -0.11884 0.150409
0.637646 -0.118143 0.148997
0.639411 -0.117444 0.147589
0.641123 -0.116705 0.146202
0.642796 -0.11597 0.144835
0.644426 -0.115201 0.143472
0.646014 -0.11442 0.142125
0.64756 -0.113628 0.140803
0.649064 -0.112817 0.139496
0.650533 -0.111989 0.138193
0.651969 -0.111165 0.136901
0.653364 -0.110314 0.135629
0.654728 -0.109468 0.134365
0.656049 -0.108593 0.133125
0.657344 -0.107729 0.131892
0.658602 -0.106839 0.130673
0.65983 -0.105948 0.129464
0.661028 -0.105057 0.128273
0.662193 -0.104153 0.127094
0.663329 -0.103236 0.125922
0.66444 -0.10233 0.124765
0.665514 -0.101403 0.12363
0.666566 -0.100484 0.122502
0.667587 -0.0995465 0.121389
0.668592 -0.0986258 0.120273
0.669567 -0.0976888 0.119167
0.670518 -0.0967536 0.118077
0.671444 -0.0958233 0.117006
0.672346 -0.0948807 0.115935
0.673223 -0.093933 0.114879
0.674082 -0.0929994 0.113832
0.674916 -0.0920528 0.112798
0.675734 -0.0911165 0.111764
0.676525 -0.0901656 0.110743
0.677302 -0.0892305 0.10973
0.678052 -0.0882816 0.108731
0.678783 -0.0873381 0.107744
0.679497 -0.0864015 0.106766
0.680198 -0.0854597 0.105774
0.680879 -0.0845193 0.104795
0.681547 -0.0835943 0.103823
0.682189 -0.0826573 0.102872
0.682822 -0.0817272 0.101908
0.683431 -0.0807916 0.100965
0.684029 -0.0798702 0.100026
0.684608 -0.0789417 0.099092
0.685175 -0.0780201 0.0981605
0.68573 -0.0771048 0.0972291
0.686265 -0.0761815 0.0963048
0.686784 -0.0752638 0.0953941
0.687294 -0.0743618 0.0944862
0.687785 -0.0734497 0.0935845
0.688271 -0.0725474 0.0926664
0.688741 -0.0716477 0.0917594
0.689203 -0.0707597 0.0908526
0.689646 -0.0698678 0.0899569
0.690078 -0.0689767 0.0890571
0.690499 -0.0680981 0.0881635
0.690904 -0.0672108 0.0872757
0.691296 -0.0663334 0.0863978
0.691686 -0.0654704 0.0855048
0.692056 -0.0645926 0.0846183
0.69242 -0.0637264 0.0837265
0.692768 -0.0628654 0.082852
0.69311 -0.0620153 0.0819706
0.693439 -0.0611608 0.0810898
0.693757 -0.0603099 0.0802079
0.694071 -0.0594734 0.07932
0.69437 -0.0586289 0.0784348
0.694658 -0.0577965 0.0775576
0.694941 -0.0569685 0.0766665
0.695206 -0.0561334 0.0757895
0.695466 -0.0553094 0.0749053
0.695711 -0.0544939 0.0740349
0.695952 -0.0536814 0.0731517
0.696181 -0.0528621 0.0722601
0.696402 -0.0520516 0.0713714
0.696615 -0.0512554 0.0704807
0.696818 -0.0504548 0.0695907
0.69701 -0.0496604 0.0686998
0.697197 -0.0488724 0.0677978
0.697367 -0.0480797 0.066906
0.697537 -0.0472967 0.0659958
0.697694 -0.0465245 0.0650957
0.697843 -0.0457439 0.064181
0.69798 -0.0449675 0.0632681
0.698109 -0.0441998 0.0623559
0.69823 -0.0434426 0.0614433
0.698337 -0.0426786 0.0605305
0.698438 -0.0419146 0.0595992
0.698536 -0.0411624 0.0586568
0.698618 -0.0404083 0.0577219
0.698697 -0.0396639 0.0567757
0.698763 -0.0389233 0.0558306
0.698818 -0.0381754 0.0548771
0.698862 -0.0374347 0.0539239
0.698901 -0.0367001 0.0529583
0.698931 -0.0359732 0.0519868
0.698946 -0.0352304 0.0510086
0.698951 -0.0344984 0.0500275
0.698951 -0.0337743 0.0490359
0.698931 -0.0330477 0.0480543
0.698906 -0.0323256 0.0470575
0.69887 -0.031602 0.0460478
0.698826 -0.0308761 0.0450199
0.698771 -0.0301581 0.0439881
0.698705 -0.0294474 0.0429514
0.698626 -0.0287331 0.0419054
0.698532 -0.0280105 0.0408536
0.698427 -0.0272994 0.0397959
0.698313 -0.0265914 0.0387218
0.698181 -0.0258805 0.0376439
0.698038 -0.0251598 0.0365446
0.697881 -0.0244489 0.0354409
0.697707 -0.0237326 0.0343306
0.69752 -0.0230242 0.0332112
0.697319 -0.0223192 0.0320798
0.697104 -0.021607 0.0309269
0.696873 -0.0208893 0.0297542
0.696628 -0.0201814 0.0285708
0.696367 -0.0194742 0.0273719
0.696081 -0.0187591 0.0261711
0.695779 -0.0180389 0.0249491
0.695459 -0.0173289 0.0237174
0.695115 -0.0166116 0.022477
0.694754 -0.0158968 0.0212122
0.694369 -0.0151693 0.0199288
0.69396 -0.0144404 0.018633
0.693526 -0.0137108 0.0173249
0.69307 -0.0129888 0.016001
0.692592 -0.0122619 0.0146514
0.69208 -0.0115251 0.0132931
0.691544 -0.0107843 0.0119056
0.690981 -0.0100483 0.0104969
0.690383 -0.00930356 0.00907723
0.689753 -0.0085536 0.00763664
0.689088 -0.00779925 0.00617845
0.688387 -0.00704243 0.00470538
0.687648 -0.0062843 0.00321561
0.686872 -0.00552952 0.00170313
0.686053 -0.00474745 0.000162242
0.685187 -0.0039671 -0.00138906
0.684279 -0.00318322 -0.00296504
